2664,2665
2665,2667
2666,2667
2664,2666
2590,2592
2592,2593
2591,2593
2590,2591
2590,2664
2591,2665
2593,2667
2592,2666
2667,2669
2668,2669
2666,2668
2592,2594
2594,2595
2593,2595
2595,2669
2594,2668
2669,2671
2670,2671
2668,2670
2594,2596
2596,2597
2595,2597
2597,2671
2596,2670
2671,2673
2672,2673
2670,2672
2596,2598
2598,2599
2597,2599
2599,2673
2598,2672
2673,2675
2674,2675
2672,2674
2598,2600
2600,2601
2599,2601
2601,2675
2600,2674
2675,2677
2676,2677
2674,2676
2600,2602
2602,2603
2601,2603
2603,2677
2602,2676
2677,2679
2678,2679
2676,2678
2602,2604
2604,2605
2603,2605
2605,2679
2604,2678
2679,2681
2680,2681
2678,2680
2604,2606
2606,2607
2605,2607
2607,2681
2606,2680
2681,2683
2682,2683
2680,2682
2606,2608
2608,2609
2607,2609
2609,2683
2608,2682
2683,2685
2684,2685
2682,2684
2608,2610
2610,2611
2609,2611
2611,2685
2610,2684
2685,2687
2686,2687
2684,2686
2610,2612
2612,2613
2611,2613
2613,2687
2612,2686
2687,2689
2688,2689
2686,2688
2612,2614
2614,2615
2613,2615
2615,2689
2614,2688
2689,2691
2690,2691
2688,2690
2614,2616
2616,2617
2615,2617
2617,2691
2616,2690
2691,2693
2692,2693
2690,2692
2616,2618
2618,2619
2617,2619
2619,2693
2618,2692
2693,2695
2694,2695
2692,2694
2618,2620
2620,2621
2619,2621
2621,2695
2620,2694
2695,2697
2696,2697
2694,2696
2620,2622
2622,2623
2621,2623
2623,2697
2622,2696
2697,2699
2698,2699
2696,2698
2622,2624
2624,2625
2623,2625
2625,2699
2624,2698
2699,2701
2700,2701
2698,2700
2624,2626
2626,2627
2625,2627
2627,2701
2626,2700
2701,2703
2702,2703
2700,2702
2626,2628
2628,2629
2627,2629
2629,2703
2628,2702
2703,2705
2704,2705
2702,2704
2628,2630
2630,2631
2629,2631
2631,2705
2630,2704
2705,2707
2706,2707
2704,2706
2630,2632
2632,2633
2631,2633
2633,2707
2632,2706
2707,2709
2708,2709
2706,2708
2632,2634
2634,2635
2633,2635
2635,2709
2634,2708
2709,2711
2710,2711
2708,2710
2634,2636
2636,2637
2635,2637
2637,2711
2636,2710
2711,2713
2712,2713
2710,2712
2636,2638
2638,2639
2637,2639
2639,2713
2638,2712
2713,2715
2714,2715
2712,2714
2638,2640
2640,2641
2639,2641
2641,2715
2640,2714
2715,2717
2716,2717
2714,2716
2640,2642
2642,2643
2641,2643
2643,2717
2642,2716
2717,2719
2718,2719
2716,2718
2642,2644
2644,2645
2643,2645
2645,2719
2644,2718
2719,2721
2720,2721
2718,2720
2644,2646
2646,2647
2645,2647
2647,2721
2646,2720
2721,2723
2722,2723
2720,2722
2646,2648
2648,2649
2647,2649
2649,2723
2648,2722
2723,2725
2724,2725
2722,2724
2648,2650
2650,2651
2649,2651
2651,2725
2650,2724
2725,2727
2726,2727
2724,2726
2650,2652
2652,2653
2651,2653
2653,2727
2652,2726
2727,2729
2728,2729
2726,2728
2652,2654
2654,2655
2653,2655
2655,2729
2654,2728
2729,2731
2730,2731
2728,2730
2654,2656
2656,2657
2655,2657
2657,2731
2656,2730
2731,2733
2732,2733
2730,2732
2656,2658
2658,2659
2657,2659
2659,2733
2658,2732
2733,2735
2734,2735
2732,2734
2658,2660
2660,2661
2659,2661
2661,2735
2660,2734
2735,2737
2736,2737
2734,2736
2660,2662
2662,2663
2661,2663
2663,2737
2662,2736
74,75
75,77
76,77
74,76
0,2
2,3
1,3
0,1
0,74
1,75
3,77
2,76
77,79
78,79
76,78
2,4
4,5
3,5
5,79
4,78
79,81
80,81
78,80
4,6
6,7
5,7
7,81
6,80
81,83
82,83
80,82
6,8
8,9
7,9
9,83
8,82
83,85
84,85
82,84
8,10
10,11
9,11
11,85
10,84
85,87
86,87
84,86
10,12
12,13
11,13
13,87
12,86
87,89
88,89
86,88
12,14
14,15
13,15
15,89
14,88
89,91
90,91
88,90
14,16
16,17
15,17
17,91
16,90
91,93
92,93
90,92
16,18
18,19
17,19
19,93
18,92
93,95
94,95
92,94
18,20
20,21
19,21
21,95
20,94
95,97
96,97
94,96
20,22
22,23
21,23
23,97
22,96
97,99
98,99
96,98
22,24
24,25
23,25
25,99
24,98
99,101
100,101
98,100
24,26
26,27
25,27
27,101
26,100
101,103
102,103
100,102
26,28
28,29
27,29
29,103
28,102
103,105
104,105
102,104
28,30
30,31
29,31
31,105
30,104
105,107
106,107
104,106
30,32
32,33
31,33
33,107
32,106
107,109
108,109
106,108
32,34
34,35
33,35
35,109
34,108
109,111
110,111
108,110
34,36
36,37
35,37
37,111
36,110
111,113
112,113
110,112
36,38
38,39
37,39
39,113
38,112
113,115
114,115
112,114
38,40
40,41
39,41
41,115
40,114
115,117
116,117
114,116
40,42
42,43
41,43
43,117
42,116
117,119
118,119
116,118
42,44
44,45
43,45
45,119
44,118
119,121
120,121
118,120
44,46
46,47
45,47
47,121
46,120
121,123
122,123
120,122
46,48
48,49
47,49
49,123
48,122
123,125
124,125
122,124
48,50
50,51
49,51
51,125
50,124
125,127
126,127
124,126
50,52
52,53
51,53
53,127
52,126
127,129
128,129
126,128
52,54
54,55
53,55
55,129
54,128
129,131
130,131
128,130
54,56
56,57
55,57
57,131
56,130
131,133
132,133
130,132
56,58
58,59
57,59
59,133
58,132
133,135
134,135
132,134
58,60
60,61
59,61
61,135
60,134
135,137
136,137
134,136
60,62
62,63
61,63
63,137
62,136
137,139
138,139
136,138
62,64
64,65
63,65
65,139
64,138
139,141
140,141
138,140
64,66
66,67
65,67
67,141
66,140
141,143
142,143
140,142
66,68
68,69
67,69
69,143
68,142
143,145
144,145
142,144
68,70
70,71
69,71
71,145
70,144
145,147
146,147
144,146
70,72
72,73
71,73
73,147
72,146
148,149
149,151
150,151
148,150
74,148
75,149
77,151
76,150
151,153
152,153
150,152
79,153
78,152
153,155
154,155
152,154
81,155
80,154
155,157
156,157
154,156
83,157
82,156
157,159
158,159
156,158
85,159
84,158
159,161
160,161
158,160
87,161
86,160
161,163
162,163
160,162
89,163
88,162
163,165
164,165
162,164
91,165
90,164
165,167
166,167
164,166
93,167
92,166
167,169
168,169
166,168
95,169
94,168
169,171
170,171
168,170
97,171
96,170
171,173
172,173
170,172
99,173
98,172
173,175
174,175
172,174
101,175
100,174
175,177
176,177
174,176
103,177
102,176
177,179
178,179
176,178
105,179
104,178
179,181
180,181
178,180
107,181
106,180
181,183
182,183
180,182
109,183
108,182
183,185
184,185
182,184
111,185
110,184
185,187
186,187
184,186
113,187
112,186
187,189
188,189
186,188
115,189
114,188
189,191
190,191
188,190
117,191
116,190
191,193
192,193
190,192
119,193
118,192
193,195
194,195
192,194
121,195
120,194
195,197
196,197
194,196
123,197
122,196
197,199
198,199
196,198
125,199
124,198
199,201
200,201
198,200
127,201
126,200
201,203
202,203
200,202
129,203
128,202
203,205
204,205
202,204
131,205
130,204
205,207
206,207
204,206
133,207
132,206
207,209
208,209
206,208
135,209
134,208
209,211
210,211
208,210
137,211
136,210
211,213
212,213
210,212
139,213
138,212
213,215
214,215
212,214
141,215
140,214
215,217
216,217
214,216
143,217
142,216
217,219
218,219
216,218
145,219
144,218
219,221
220,221
218,220
147,221
146,220
222,223
223,225
224,225
222,224
148,222
149,223
151,225
150,224
225,227
226,227
224,226
153,227
152,226
227,229
228,229
226,228
155,229
154,228
229,231
230,231
228,230
157,231
156,230
231,233
232,233
230,232
159,233
158,232
233,235
234,235
232,234
161,235
160,234
235,237
236,237
234,236
163,237
162,236
237,239
238,239
236,238
165,239
164,238
239,241
240,241
238,240
167,241
166,240
241,243
242,243
240,242
169,243
168,242
243,245
244,245
242,244
171,245
170,244
245,247
246,247
244,246
173,247
172,246
247,249
248,249
246,248
175,249
174,248
249,251
250,251
248,250
177,251
176,250
251,253
252,253
250,252
179,253
178,252
253,255
254,255
252,254
181,255
180,254
255,257
256,257
254,256
183,257
182,256
257,259
258,259
256,258
185,259
184,258
259,261
260,261
258,260
187,261
186,260
261,263
262,263
260,262
189,263
188,262
263,265
264,265
262,264
191,265
190,264
265,267
266,267
264,266
193,267
192,266
267,269
268,269
266,268
195,269
194,268
269,271
270,271
268,270
197,271
196,270
271,273
272,273
270,272
199,273
198,272
273,275
274,275
272,274
201,275
200,274
275,277
276,277
274,276
203,277
202,276
277,279
278,279
276,278
205,279
204,278
279,281
280,281
278,280
207,281
206,280
281,283
282,283
280,282
209,283
208,282
283,285
284,285
282,284
211,285
210,284
285,287
286,287
284,286
213,287
212,286
287,289
288,289
286,288
215,289
214,288
289,291
290,291
288,290
217,291
216,290
291,293
292,293
290,292
219,293
218,292
293,295
294,295
292,294
221,295
220,294
296,297
297,299
298,299
296,298
222,296
223,297
225,299
224,298
299,301
300,301
298,300
227,301
226,300
301,303
302,303
300,302
229,303
228,302
303,305
304,305
302,304
231,305
230,304
305,307
306,307
304,306
233,307
232,306
307,309
308,309
306,308
235,309
234,308
309,311
310,311
308,310
237,311
236,310
311,313
312,313
310,312
239,313
238,312
313,315
314,315
312,314
241,315
240,314
315,317
316,317
314,316
243,317
242,316
317,319
318,319
316,318
245,319
244,318
319,321
320,321
318,320
247,321
246,320
321,323
322,323
320,322
249,323
248,322
323,325
324,325
322,324
251,325
250,324
325,327
326,327
324,326
253,327
252,326
327,329
328,329
326,328
255,329
254,328
329,331
330,331
328,330
257,331
256,330
331,333
332,333
330,332
259,333
258,332
333,335
334,335
332,334
261,335
260,334
335,337
336,337
334,336
263,337
262,336
337,339
338,339
336,338
265,339
264,338
339,341
340,341
338,340
267,341
266,340
341,343
342,343
340,342
269,343
268,342
343,345
344,345
342,344
271,345
270,344
345,347
346,347
344,346
273,347
272,346
347,349
348,349
346,348
275,349
274,348
349,351
350,351
348,350
277,351
276,350
351,353
352,353
350,352
279,353
278,352
353,355
354,355
352,354
281,355
280,354
355,357
356,357
354,356
283,357
282,356
357,359
358,359
356,358
285,359
284,358
359,361
360,361
358,360
287,361
286,360
361,363
362,363
360,362
289,363
288,362
363,365
364,365
362,364
291,365
290,364
365,367
366,367
364,366
293,367
292,366
367,369
368,369
366,368
295,369
294,368
370,371
371,373
372,373
370,372
296,370
297,371
299,373
298,372
373,375
374,375
372,374
301,375
300,374
375,377
376,377
374,376
303,377
302,376
377,379
378,379
376,378
305,379
304,378
379,381
380,381
378,380
307,381
306,380
381,383
382,383
380,382
309,383
308,382
383,385
384,385
382,384
311,385
310,384
385,387
386,387
384,386
313,387
312,386
387,389
388,389
386,388
315,389
314,388
389,391
390,391
388,390
317,391
316,390
391,393
392,393
390,392
319,393
318,392
393,395
394,395
392,394
321,395
320,394
395,397
396,397
394,396
323,397
322,396
397,399
398,399
396,398
325,399
324,398
399,401
400,401
398,400
327,401
326,400
401,403
402,403
400,402
329,403
328,402
403,405
404,405
402,404
331,405
330,404
405,407
406,407
404,406
333,407
332,406
407,409
408,409
406,408
335,409
334,408
409,411
410,411
408,410
337,411
336,410
411,413
412,413
410,412
339,413
338,412
413,415
414,415
412,414
341,415
340,414
415,417
416,417
414,416
343,417
342,416
417,419
418,419
416,418
345,419
344,418
419,421
420,421
418,420
347,421
346,420
421,423
422,423
420,422
349,423
348,422
423,425
424,425
422,424
351,425
350,424
425,427
426,427
424,426
353,427
352,426
427,429
428,429
426,428
355,429
354,428
429,431
430,431
428,430
357,431
356,430
431,433
432,433
430,432
359,433
358,432
433,435
434,435
432,434
361,435
360,434
435,437
436,437
434,436
363,437
362,436
437,439
438,439
436,438
365,439
364,438
439,441
440,441
438,440
367,441
366,440
441,443
442,443
440,442
369,443
368,442
444,445
445,447
446,447
444,446
370,444
371,445
373,447
372,446
447,449
448,449
446,448
375,449
374,448
449,451
450,451
448,450
377,451
376,450
451,453
452,453
450,452
379,453
378,452
453,455
454,455
452,454
381,455
380,454
455,457
456,457
454,456
383,457
382,456
457,459
458,459
456,458
385,459
384,458
459,461
460,461
458,460
387,461
386,460
461,463
462,463
460,462
389,463
388,462
463,465
464,465
462,464
391,465
390,464
465,467
466,467
464,466
393,467
392,466
467,469
468,469
466,468
395,469
394,468
469,471
470,471
468,470
397,471
396,470
471,473
472,473
470,472
399,473
398,472
473,475
474,475
472,474
401,475
400,474
475,477
476,477
474,476
403,477
402,476
477,479
478,479
476,478
405,479
404,478
479,481
480,481
478,480
407,481
406,480
481,483
482,483
480,482
409,483
408,482
483,485
484,485
482,484
411,485
410,484
485,487
486,487
484,486
413,487
412,486
487,489
488,489
486,488
415,489
414,488
489,491
490,491
488,490
417,491
416,490
491,493
492,493
490,492
419,493
418,492
493,495
494,495
492,494
421,495
420,494
495,497
496,497
494,496
423,497
422,496
497,499
498,499
496,498
425,499
424,498
499,501
500,501
498,500
427,501
426,500
501,503
502,503
500,502
429,503
428,502
503,505
504,505
502,504
431,505
430,504
505,507
506,507
504,506
433,507
432,506
507,509
508,509
506,508
435,509
434,508
509,511
510,511
508,510
437,511
436,510
511,513
512,513
510,512
439,513
438,512
513,515
514,515
512,514
441,515
440,514
515,517
516,517
514,516
443,517
442,516
518,519
519,521
520,521
518,520
444,518
445,519
447,521
446,520
521,523
522,523
520,522
449,523
448,522
523,525
524,525
522,524
451,525
450,524
525,527
526,527
524,526
453,527
452,526
527,529
528,529
526,528
455,529
454,528
529,531
530,531
528,530
457,531
456,530
531,533
532,533
530,532
459,533
458,532
533,535
534,535
532,534
461,535
460,534
535,537
536,537
534,536
463,537
462,536
537,539
538,539
536,538
465,539
464,538
539,541
540,541
538,540
467,541
466,540
541,543
542,543
540,542
469,543
468,542
543,545
544,545
542,544
471,545
470,544
545,547
546,547
544,546
473,547
472,546
547,549
548,549
546,548
475,549
474,548
549,551
550,551
548,550
477,551
476,550
551,553
552,553
550,552
479,553
478,552
553,555
554,555
552,554
481,555
480,554
555,557
556,557
554,556
483,557
482,556
557,559
558,559
556,558
485,559
484,558
559,561
560,561
558,560
487,561
486,560
561,563
562,563
560,562
489,563
488,562
563,565
564,565
562,564
491,565
490,564
565,567
566,567
564,566
493,567
492,566
567,569
568,569
566,568
495,569
494,568
569,571
570,571
568,570
497,571
496,570
571,573
572,573
570,572
499,573
498,572
573,575
574,575
572,574
501,575
500,574
575,577
576,577
574,576
503,577
502,576
577,579
578,579
576,578
505,579
504,578
579,581
580,581
578,580
507,581
506,580
581,583
582,583
580,582
509,583
508,582
583,585
584,585
582,584
511,585
510,584
585,587
586,587
584,586
513,587
512,586
587,589
588,589
586,588
515,589
514,588
589,591
590,591
588,590
517,591
516,590
592,593
593,595
594,595
592,594
518,592
519,593
521,595
520,594
595,597
596,597
594,596
523,597
522,596
597,599
598,599
596,598
525,599
524,598
599,601
600,601
598,600
527,601
526,600
601,603
602,603
600,602
529,603
528,602
603,605
604,605
602,604
531,605
530,604
605,607
606,607
604,606
533,607
532,606
607,609
608,609
606,608
535,609
534,608
609,611
610,611
608,610
537,611
536,610
611,613
612,613
610,612
539,613
538,612
613,615
614,615
612,614
541,615
540,614
615,617
616,617
614,616
543,617
542,616
617,619
618,619
616,618
545,619
544,618
619,621
620,621
618,620
547,621
546,620
621,623
622,623
620,622
549,623
548,622
623,625
624,625
622,624
551,625
550,624
625,627
626,627
624,626
553,627
552,626
627,629
628,629
626,628
555,629
554,628
629,631
630,631
628,630
557,631
556,630
631,633
632,633
630,632
559,633
558,632
633,635
634,635
632,634
561,635
560,634
635,637
636,637
634,636
563,637
562,636
637,639
638,639
636,638
565,639
564,638
639,641
640,641
638,640
567,641
566,640
641,643
642,643
640,642
569,643
568,642
643,645
644,645
642,644
571,645
570,644
645,647
646,647
644,646
573,647
572,646
647,649
648,649
646,648
575,649
574,648
649,651
650,651
648,650
577,651
576,650
651,653
652,653
650,652
579,653
578,652
653,655
654,655
652,654
581,655
580,654
655,657
656,657
654,656
583,657
582,656
657,659
658,659
656,658
585,659
584,658
659,661
660,661
658,660
587,661
586,660
661,663
662,663
660,662
589,663
588,662
663,665
664,665
662,664
591,665
590,664
666,667
667,669
668,669
666,668
592,666
593,667
595,669
594,668
669,671
670,671
668,670
597,671
596,670
671,673
672,673
670,672
599,673
598,672
673,675
674,675
672,674
601,675
600,674
675,677
676,677
674,676
603,677
602,676
677,679
678,679
676,678
605,679
604,678
679,681
680,681
678,680
607,681
606,680
681,683
682,683
680,682
609,683
608,682
683,685
684,685
682,684
611,685
610,684
685,687
686,687
684,686
613,687
612,686
687,689
688,689
686,688
615,689
614,688
689,691
690,691
688,690
617,691
616,690
691,693
692,693
690,692
619,693
618,692
693,695
694,695
692,694
621,695
620,694
695,697
696,697
694,696
623,697
622,696
697,699
698,699
696,698
625,699
624,698
699,701
700,701
698,700
627,701
626,700
701,703
702,703
700,702
629,703
628,702
703,705
704,705
702,704
631,705
630,704
705,707
706,707
704,706
633,707
632,706
707,709
708,709
706,708
635,709
634,708
709,711
710,711
708,710
637,711
636,710
711,713
712,713
710,712
639,713
638,712
713,715
714,715
712,714
641,715
640,714
715,717
716,717
714,716
643,717
642,716
717,719
718,719
716,718
645,719
644,718
719,721
720,721
718,720
647,721
646,720
721,723
722,723
720,722
649,723
648,722
723,725
724,725
722,724
651,725
650,724
725,727
726,727
724,726
653,727
652,726
727,729
728,729
726,728
655,729
654,728
729,731
730,731
728,730
657,731
656,730
731,733
732,733
730,732
659,733
658,732
733,735
734,735
732,734
661,735
660,734
735,737
736,737
734,736
663,737
662,736
737,739
738,739
736,738
665,739
664,738
740,741
741,743
742,743
740,742
666,740
667,741
669,743
668,742
743,745
744,745
742,744
671,745
670,744
745,747
746,747
744,746
673,747
672,746
747,749
748,749
746,748
675,749
674,748
749,751
750,751
748,750
677,751
676,750
751,753
752,753
750,752
679,753
678,752
753,755
754,755
752,754
681,755
680,754
755,757
756,757
754,756
683,757
682,756
757,759
758,759
756,758
685,759
684,758
759,761
760,761
758,760
687,761
686,760
761,763
762,763
760,762
689,763
688,762
763,765
764,765
762,764
691,765
690,764
765,767
766,767
764,766
693,767
692,766
767,769
768,769
766,768
695,769
694,768
769,771
770,771
768,770
697,771
696,770
771,773
772,773
770,772
699,773
698,772
773,775
774,775
772,774
701,775
700,774
775,777
776,777
774,776
703,777
702,776
777,779
778,779
776,778
705,779
704,778
779,781
780,781
778,780
707,781
706,780
781,783
782,783
780,782
709,783
708,782
783,785
784,785
782,784
711,785
710,784
785,787
786,787
784,786
713,787
712,786
787,789
788,789
786,788
715,789
714,788
789,791
790,791
788,790
717,791
716,790
791,793
792,793
790,792
719,793
718,792
793,795
794,795
792,794
721,795
720,794
795,797
796,797
794,796
723,797
722,796
797,799
798,799
796,798
725,799
724,798
799,801
800,801
798,800
727,801
726,800
801,803
802,803
800,802
729,803
728,802
803,805
804,805
802,804
731,805
730,804
805,807
806,807
804,806
733,807
732,806
807,809
808,809
806,808
735,809
734,808
809,811
810,811
808,810
737,811
736,810
811,813
812,813
810,812
739,813
738,812
814,815
815,817
816,817
814,816
740,814
741,815
743,817
742,816
817,819
818,819
816,818
745,819
744,818
819,821
820,821
818,820
747,821
746,820
821,823
822,823
820,822
749,823
748,822
823,825
824,825
822,824
751,825
750,824
825,827
826,827
824,826
753,827
752,826
827,829
828,829
826,828
755,829
754,828
829,831
830,831
828,830
757,831
756,830
831,833
832,833
830,832
759,833
758,832
833,835
834,835
832,834
761,835
760,834
835,837
836,837
834,836
763,837
762,836
837,839
838,839
836,838
765,839
764,838
839,841
840,841
838,840
767,841
766,840
841,843
842,843
840,842
769,843
768,842
843,845
844,845
842,844
771,845
770,844
845,847
846,847
844,846
773,847
772,846
847,849
848,849
846,848
775,849
774,848
849,851
850,851
848,850
777,851
776,850
851,853
852,853
850,852
779,853
778,852
853,855
854,855
852,854
781,855
780,854
855,857
856,857
854,856
783,857
782,856
857,859
858,859
856,858
785,859
784,858
859,861
860,861
858,860
787,861
786,860
861,863
862,863
860,862
789,863
788,862
863,865
864,865
862,864
791,865
790,864
865,867
866,867
864,866
793,867
792,866
867,869
868,869
866,868
795,869
794,868
869,871
870,871
868,870
797,871
796,870
871,873
872,873
870,872
799,873
798,872
873,875
874,875
872,874
801,875
800,874
875,877
876,877
874,876
803,877
802,876
877,879
878,879
876,878
805,879
804,878
879,881
880,881
878,880
807,881
806,880
881,883
882,883
880,882
809,883
808,882
883,885
884,885
882,884
811,885
810,884
885,887
886,887
884,886
813,887
812,886
888,889
889,891
890,891
888,890
814,888
815,889
817,891
816,890
891,893
892,893
890,892
819,893
818,892
893,895
894,895
892,894
821,895
820,894
895,897
896,897
894,896
823,897
822,896
897,899
898,899
896,898
825,899
824,898
899,901
900,901
898,900
827,901
826,900
901,903
902,903
900,902
829,903
828,902
903,905
904,905
902,904
831,905
830,904
905,907
906,907
904,906
833,907
832,906
907,909
908,909
906,908
835,909
834,908
909,911
910,911
908,910
837,911
836,910
911,913
912,913
910,912
839,913
838,912
913,915
914,915
912,914
841,915
840,914
915,917
916,917
914,916
843,917
842,916
917,919
918,919
916,918
845,919
844,918
919,921
920,921
918,920
847,921
846,920
921,923
922,923
920,922
849,923
848,922
923,925
924,925
922,924
851,925
850,924
925,927
926,927
924,926
853,927
852,926
927,929
928,929
926,928
855,929
854,928
929,931
930,931
928,930
857,931
856,930
931,933
932,933
930,932
859,933
858,932
933,935
934,935
932,934
861,935
860,934
935,937
936,937
934,936
863,937
862,936
937,939
938,939
936,938
865,939
864,938
939,941
940,941
938,940
867,941
866,940
941,943
942,943
940,942
869,943
868,942
943,945
944,945
942,944
871,945
870,944
945,947
946,947
944,946
873,947
872,946
947,949
948,949
946,948
875,949
874,948
949,951
950,951
948,950
877,951
876,950
951,953
952,953
950,952
879,953
878,952
953,955
954,955
952,954
881,955
880,954
955,957
956,957
954,956
883,957
882,956
957,959
958,959
956,958
885,959
884,958
959,961
960,961
958,960
887,961
886,960
962,963
963,965
964,965
962,964
888,962
889,963
891,965
890,964
965,967
966,967
964,966
893,967
892,966
967,969
968,969
966,968
895,969
894,968
969,971
970,971
968,970
897,971
896,970
971,973
972,973
970,972
899,973
898,972
973,975
974,975
972,974
901,975
900,974
975,977
976,977
974,976
903,977
902,976
977,979
978,979
976,978
905,979
904,978
979,981
980,981
978,980
907,981
906,980
981,983
982,983
980,982
909,983
908,982
983,985
984,985
982,984
911,985
910,984
985,987
986,987
984,986
913,987
912,986
987,989
988,989
986,988
915,989
914,988
989,991
990,991
988,990
917,991
916,990
991,993
992,993
990,992
919,993
918,992
993,995
994,995
992,994
921,995
920,994
995,997
996,997
994,996
923,997
922,996
997,999
998,999
996,998
925,999
924,998
999,1001
1000,1001
998,1000
927,1001
926,1000
1001,1003
1002,1003
1000,1002
929,1003
928,1002
1003,1005
1004,1005
1002,1004
931,1005
930,1004
1005,1007
1006,1007
1004,1006
933,1007
932,1006
1007,1009
1008,1009
1006,1008
935,1009
934,1008
1009,1011
1010,1011
1008,1010
937,1011
936,1010
1011,1013
1012,1013
1010,1012
939,1013
938,1012
1013,1015
1014,1015
1012,1014
941,1015
940,1014
1015,1017
1016,1017
1014,1016
943,1017
942,1016
1017,1019
1018,1019
1016,1018
945,1019
944,1018
1019,1021
1020,1021
1018,1020
947,1021
946,1020
1021,1023
1022,1023
1020,1022
949,1023
948,1022
1023,1025
1024,1025
1022,1024
951,1025
950,1024
1025,1027
1026,1027
1024,1026
953,1027
952,1026
1027,1029
1028,1029
1026,1028
955,1029
954,1028
1029,1031
1030,1031
1028,1030
957,1031
956,1030
1031,1033
1032,1033
1030,1032
959,1033
958,1032
1033,1035
1034,1035
1032,1034
961,1035
960,1034
1036,1037
1037,1039
1038,1039
1036,1038
962,1036
963,1037
965,1039
964,1038
1039,1041
1040,1041
1038,1040
967,1041
966,1040
1041,1043
1042,1043
1040,1042
969,1043
968,1042
1043,1045
1044,1045
1042,1044
971,1045
970,1044
1045,1047
1046,1047
1044,1046
973,1047
972,1046
1047,1049
1048,1049
1046,1048
975,1049
974,1048
1049,1051
1050,1051
1048,1050
977,1051
976,1050
1051,1053
1052,1053
1050,1052
979,1053
978,1052
1053,1055
1054,1055
1052,1054
981,1055
980,1054
1055,1057
1056,1057
1054,1056
983,1057
982,1056
1057,1059
1058,1059
1056,1058
985,1059
984,1058
1059,1061
1060,1061
1058,1060
987,1061
986,1060
1061,1063
1062,1063
1060,1062
989,1063
988,1062
1063,1065
1064,1065
1062,1064
991,1065
990,1064
1065,1067
1066,1067
1064,1066
993,1067
992,1066
1067,1069
1068,1069
1066,1068
995,1069
994,1068
1069,1071
1070,1071
1068,1070
997,1071
996,1070
1071,1073
1072,1073
1070,1072
999,1073
998,1072
1073,1075
1074,1075
1072,1074
1001,1075
1000,1074
1075,1077
1076,1077
1074,1076
1003,1077
1002,1076
1077,1079
1078,1079
1076,1078
1005,1079
1004,1078
1079,1081
1080,1081
1078,1080
1007,1081
1006,1080
1081,1083
1082,1083
1080,1082
1009,1083
1008,1082
1083,1085
1084,1085
1082,1084
1011,1085
1010,1084
1085,1087
1086,1087
1084,1086
1013,1087
1012,1086
1087,1089
1088,1089
1086,1088
1015,1089
1014,1088
1089,1091
1090,1091
1088,1090
1017,1091
1016,1090
1091,1093
1092,1093
1090,1092
1019,1093
1018,1092
1093,1095
1094,1095
1092,1094
1021,1095
1020,1094
1095,1097
1096,1097
1094,1096
1023,1097
1022,1096
1097,1099
1098,1099
1096,1098
1025,1099
1024,1098
1099,1101
1100,1101
1098,1100
1027,1101
1026,1100
1101,1103
1102,1103
1100,1102
1029,1103
1028,1102
1103,1105
1104,1105
1102,1104
1031,1105
1030,1104
1105,1107
1106,1107
1104,1106
1033,1107
1032,1106
1107,1109
1108,1109
1106,1108
1035,1109
1034,1108
1110,1111
1111,1113
1112,1113
1110,1112
1036,1110
1037,1111
1039,1113
1038,1112
1113,1115
1114,1115
1112,1114
1041,1115
1040,1114
1115,1117
1116,1117
1114,1116
1043,1117
1042,1116
1117,1119
1118,1119
1116,1118
1045,1119
1044,1118
1119,1121
1120,1121
1118,1120
1047,1121
1046,1120
1121,1123
1122,1123
1120,1122
1049,1123
1048,1122
1123,1125
1124,1125
1122,1124
1051,1125
1050,1124
1125,1127
1126,1127
1124,1126
1053,1127
1052,1126
1127,1129
1128,1129
1126,1128
1055,1129
1054,1128
1129,1131
1130,1131
1128,1130
1057,1131
1056,1130
1131,1133
1132,1133
1130,1132
1059,1133
1058,1132
1133,1135
1134,1135
1132,1134
1061,1135
1060,1134
1135,1137
1136,1137
1134,1136
1063,1137
1062,1136
1137,1139
1138,1139
1136,1138
1065,1139
1064,1138
1139,1141
1140,1141
1138,1140
1067,1141
1066,1140
1141,1143
1142,1143
1140,1142
1069,1143
1068,1142
1143,1145
1144,1145
1142,1144
1071,1145
1070,1144
1145,1147
1146,1147
1144,1146
1073,1147
1072,1146
1147,1149
1148,1149
1146,1148
1075,1149
1074,1148
1149,1151
1150,1151
1148,1150
1077,1151
1076,1150
1151,1153
1152,1153
1150,1152
1079,1153
1078,1152
1153,1155
1154,1155
1152,1154
1081,1155
1080,1154
1155,1157
1156,1157
1154,1156
1083,1157
1082,1156
1157,1159
1158,1159
1156,1158
1085,1159
1084,1158
1159,1161
1160,1161
1158,1160
1087,1161
1086,1160
1161,1163
1162,1163
1160,1162
1089,1163
1088,1162
1163,1165
1164,1165
1162,1164
1091,1165
1090,1164
1165,1167
1166,1167
1164,1166
1093,1167
1092,1166
1167,1169
1168,1169
1166,1168
1095,1169
1094,1168
1169,1171
1170,1171
1168,1170
1097,1171
1096,1170
1171,1173
1172,1173
1170,1172
1099,1173
1098,1172
1173,1175
1174,1175
1172,1174
1101,1175
1100,1174
1175,1177
1176,1177
1174,1176
1103,1177
1102,1176
1177,1179
1178,1179
1176,1178
1105,1179
1104,1178
1179,1181
1180,1181
1178,1180
1107,1181
1106,1180
1181,1183
1182,1183
1180,1182
1109,1183
1108,1182
1184,1185
1185,1187
1186,1187
1184,1186
1110,1184
1111,1185
1113,1187
1112,1186
1187,1189
1188,1189
1186,1188
1115,1189
1114,1188
1189,1191
1190,1191
1188,1190
1117,1191
1116,1190
1191,1193
1192,1193
1190,1192
1119,1193
1118,1192
1193,1195
1194,1195
1192,1194
1121,1195
1120,1194
1195,1197
1196,1197
1194,1196
1123,1197
1122,1196
1197,1199
1198,1199
1196,1198
1125,1199
1124,1198
1199,1201
1200,1201
1198,1200
1127,1201
1126,1200
1201,1203
1202,1203
1200,1202
1129,1203
1128,1202
1203,1205
1204,1205
1202,1204
1131,1205
1130,1204
1205,1207
1206,1207
1204,1206
1133,1207
1132,1206
1207,1209
1208,1209
1206,1208
1135,1209
1134,1208
1209,1211
1210,1211
1208,1210
1137,1211
1136,1210
1211,1213
1212,1213
1210,1212
1139,1213
1138,1212
1213,1215
1214,1215
1212,1214
1141,1215
1140,1214
1215,1217
1216,1217
1214,1216
1143,1217
1142,1216
1217,1219
1218,1219
1216,1218
1145,1219
1144,1218
1219,1221
1220,1221
1218,1220
1147,1221
1146,1220
1221,1223
1222,1223
1220,1222
1149,1223
1148,1222
1223,1225
1224,1225
1222,1224
1151,1225
1150,1224
1225,1227
1226,1227
1224,1226
1153,1227
1152,1226
1227,1229
1228,1229
1226,1228
1155,1229
1154,1228
1229,1231
1230,1231
1228,1230
1157,1231
1156,1230
1231,1233
1232,1233
1230,1232
1159,1233
1158,1232
1233,1235
1234,1235
1232,1234
1161,1235
1160,1234
1235,1237
1236,1237
1234,1236
1163,1237
1162,1236
1237,1239
1238,1239
1236,1238
1165,1239
1164,1238
1239,1241
1240,1241
1238,1240
1167,1241
1166,1240
1241,1243
1242,1243
1240,1242
1169,1243
1168,1242
1243,1245
1244,1245
1242,1244
1171,1245
1170,1244
1245,1247
1246,1247
1244,1246
1173,1247
1172,1246
1247,1249
1248,1249
1246,1248
1175,1249
1174,1248
1249,1251
1250,1251
1248,1250
1177,1251
1176,1250
1251,1253
1252,1253
1250,1252
1179,1253
1178,1252
1253,1255
1254,1255
1252,1254
1181,1255
1180,1254
1255,1257
1256,1257
1254,1256
1183,1257
1182,1256
1258,1259
1259,1261
1260,1261
1258,1260
1184,1258
1185,1259
1187,1261
1186,1260
1261,1263
1262,1263
1260,1262
1189,1263
1188,1262
1263,1265
1264,1265
1262,1264
1191,1265
1190,1264
1265,1267
1266,1267
1264,1266
1193,1267
1192,1266
1267,1269
1268,1269
1266,1268
1195,1269
1194,1268
1269,1271
1270,1271
1268,1270
1197,1271
1196,1270
1271,1273
1272,1273
1270,1272
1199,1273
1198,1272
1273,1275
1274,1275
1272,1274
1201,1275
1200,1274
1275,1277
1276,1277
1274,1276
1203,1277
1202,1276
1277,1279
1278,1279
1276,1278
1205,1279
1204,1278
1279,1281
1280,1281
1278,1280
1207,1281
1206,1280
1281,1283
1282,1283
1280,1282
1209,1283
1208,1282
1283,1285
1284,1285
1282,1284
1211,1285
1210,1284
1285,1287
1286,1287
1284,1286
1213,1287
1212,1286
1287,1289
1288,1289
1286,1288
1215,1289
1214,1288
1289,1291
1290,1291
1288,1290
1217,1291
1216,1290
1291,1293
1292,1293
1290,1292
1219,1293
1218,1292
1293,1295
1294,1295
1292,1294
1221,1295
1220,1294
1295,1297
1296,1297
1294,1296
1223,1297
1222,1296
1297,1299
1298,1299
1296,1298
1225,1299
1224,1298
1299,1301
1300,1301
1298,1300
1227,1301
1226,1300
1301,1303
1302,1303
1300,1302
1229,1303
1228,1302
1303,1305
1304,1305
1302,1304
1231,1305
1230,1304
1305,1307
1306,1307
1304,1306
1233,1307
1232,1306
1307,1309
1308,1309
1306,1308
1235,1309
1234,1308
1309,1311
1310,1311
1308,1310
1237,1311
1236,1310
1311,1313
1312,1313
1310,1312
1239,1313
1238,1312
1313,1315
1314,1315
1312,1314
1241,1315
1240,1314
1315,1317
1316,1317
1314,1316
1243,1317
1242,1316
1317,1319
1318,1319
1316,1318
1245,1319
1244,1318
1319,1321
1320,1321
1318,1320
1247,1321
1246,1320
1321,1323
1322,1323
1320,1322
1249,1323
1248,1322
1323,1325
1324,1325
1322,1324
1251,1325
1250,1324
1325,1327
1326,1327
1324,1326
1253,1327
1252,1326
1327,1329
1328,1329
1326,1328
1255,1329
1254,1328
1329,1331
1330,1331
1328,1330
1257,1331
1256,1330
1332,1333
1333,1335
1334,1335
1332,1334
1258,1332
1259,1333
1261,1335
1260,1334
1335,1337
1336,1337
1334,1336
1263,1337
1262,1336
1337,1339
1338,1339
1336,1338
1265,1339
1264,1338
1339,1341
1340,1341
1338,1340
1267,1341
1266,1340
1341,1343
1342,1343
1340,1342
1269,1343
1268,1342
1343,1345
1344,1345
1342,1344
1271,1345
1270,1344
1345,1347
1346,1347
1344,1346
1273,1347
1272,1346
1347,1349
1348,1349
1346,1348
1275,1349
1274,1348
1349,1351
1350,1351
1348,1350
1277,1351
1276,1350
1351,1353
1352,1353
1350,1352
1279,1353
1278,1352
1353,1355
1354,1355
1352,1354
1281,1355
1280,1354
1355,1357
1356,1357
1354,1356
1283,1357
1282,1356
1357,1359
1358,1359
1356,1358
1285,1359
1284,1358
1359,1361
1360,1361
1358,1360
1287,1361
1286,1360
1361,1363
1362,1363
1360,1362
1289,1363
1288,1362
1363,1365
1364,1365
1362,1364
1291,1365
1290,1364
1365,1367
1366,1367
1364,1366
1293,1367
1292,1366
1367,1369
1368,1369
1366,1368
1295,1369
1294,1368
1369,1371
1370,1371
1368,1370
1297,1371
1296,1370
1371,1373
1372,1373
1370,1372
1299,1373
1298,1372
1373,1375
1374,1375
1372,1374
1301,1375
1300,1374
1375,1377
1376,1377
1374,1376
1303,1377
1302,1376
1377,1379
1378,1379
1376,1378
1305,1379
1304,1378
1379,1381
1380,1381
1378,1380
1307,1381
1306,1380
1381,1383
1382,1383
1380,1382
1309,1383
1308,1382
1383,1385
1384,1385
1382,1384
1311,1385
1310,1384
1385,1387
1386,1387
1384,1386
1313,1387
1312,1386
1387,1389
1388,1389
1386,1388
1315,1389
1314,1388
1389,1391
1390,1391
1388,1390
1317,1391
1316,1390
1391,1393
1392,1393
1390,1392
1319,1393
1318,1392
1393,1395
1394,1395
1392,1394
1321,1395
1320,1394
1395,1397
1396,1397
1394,1396
1323,1397
1322,1396
1397,1399
1398,1399
1396,1398
1325,1399
1324,1398
1399,1401
1400,1401
1398,1400
1327,1401
1326,1400
1401,1403
1402,1403
1400,1402
1329,1403
1328,1402
1403,1405
1404,1405
1402,1404
1331,1405
1330,1404
1406,1407
1407,1409
1408,1409
1406,1408
1332,1406
1333,1407
1335,1409
1334,1408
1409,1411
1410,1411
1408,1410
1337,1411
1336,1410
1411,1413
1412,1413
1410,1412
1339,1413
1338,1412
1413,1415
1414,1415
1412,1414
1341,1415
1340,1414
1415,1417
1416,1417
1414,1416
1343,1417
1342,1416
1417,1419
1418,1419
1416,1418
1345,1419
1344,1418
1419,1421
1420,1421
1418,1420
1347,1421
1346,1420
1421,1423
1422,1423
1420,1422
1349,1423
1348,1422
1423,1425
1424,1425
1422,1424
1351,1425
1350,1424
1425,1427
1426,1427
1424,1426
1353,1427
1352,1426
1427,1429
1428,1429
1426,1428
1355,1429
1354,1428
1429,1431
1430,1431
1428,1430
1357,1431
1356,1430
1431,1433
1432,1433
1430,1432
1359,1433
1358,1432
1433,1435
1434,1435
1432,1434
1361,1435
1360,1434
1435,1437
1436,1437
1434,1436
1363,1437
1362,1436
1437,1439
1438,1439
1436,1438
1365,1439
1364,1438
1439,1441
1440,1441
1438,1440
1367,1441
1366,1440
1441,1443
1442,1443
1440,1442
1369,1443
1368,1442
1443,1445
1444,1445
1442,1444
1371,1445
1370,1444
1445,1447
1446,1447
1444,1446
1373,1447
1372,1446
1447,1449
1448,1449
1446,1448
1375,1449
1374,1448
1449,1451
1450,1451
1448,1450
1377,1451
1376,1450
1451,1453
1452,1453
1450,1452
1379,1453
1378,1452
1453,1455
1454,1455
1452,1454
1381,1455
1380,1454
1455,1457
1456,1457
1454,1456
1383,1457
1382,1456
1457,1459
1458,1459
1456,1458
1385,1459
1384,1458
1459,1461
1460,1461
1458,1460
1387,1461
1386,1460
1461,1463
1462,1463
1460,1462
1389,1463
1388,1462
1463,1465
1464,1465
1462,1464
1391,1465
1390,1464
1465,1467
1466,1467
1464,1466
1393,1467
1392,1466
1467,1469
1468,1469
1466,1468
1395,1469
1394,1468
1469,1471
1470,1471
1468,1470
1397,1471
1396,1470
1471,1473
1472,1473
1470,1472
1399,1473
1398,1472
1473,1475
1474,1475
1472,1474
1401,1475
1400,1474
1475,1477
1476,1477
1474,1476
1403,1477
1402,1476
1477,1479
1478,1479
1476,1478
1405,1479
1404,1478
1480,1481
1481,1483
1482,1483
1480,1482
1406,1480
1407,1481
1409,1483
1408,1482
1483,1485
1484,1485
1482,1484
1411,1485
1410,1484
1485,1487
1486,1487
1484,1486
1413,1487
1412,1486
1487,1489
1488,1489
1486,1488
1415,1489
1414,1488
1489,1491
1490,1491
1488,1490
1417,1491
1416,1490
1491,1493
1492,1493
1490,1492
1419,1493
1418,1492
1493,1495
1494,1495
1492,1494
1421,1495
1420,1494
1495,1497
1496,1497
1494,1496
1423,1497
1422,1496
1497,1499
1498,1499
1496,1498
1425,1499
1424,1498
1499,1501
1500,1501
1498,1500
1427,1501
1426,1500
1501,1503
1502,1503
1500,1502
1429,1503
1428,1502
1503,1505
1504,1505
1502,1504
1431,1505
1430,1504
1505,1507
1506,1507
1504,1506
1433,1507
1432,1506
1507,1509
1508,1509
1506,1508
1435,1509
1434,1508
1509,1511
1510,1511
1508,1510
1437,1511
1436,1510
1511,1513
1512,1513
1510,1512
1439,1513
1438,1512
1513,1515
1514,1515
1512,1514
1441,1515
1440,1514
1515,1517
1516,1517
1514,1516
1443,1517
1442,1516
1517,1519
1518,1519
1516,1518
1445,1519
1444,1518
1519,1521
1520,1521
1518,1520
1447,1521
1446,1520
1521,1523
1522,1523
1520,1522
1449,1523
1448,1522
1523,1525
1524,1525
1522,1524
1451,1525
1450,1524
1525,1527
1526,1527
1524,1526
1453,1527
1452,1526
1527,1529
1528,1529
1526,1528
1455,1529
1454,1528
1529,1531
1530,1531
1528,1530
1457,1531
1456,1530
1531,1533
1532,1533
1530,1532
1459,1533
1458,1532
1533,1535
1534,1535
1532,1534
1461,1535
1460,1534
1535,1537
1536,1537
1534,1536
1463,1537
1462,1536
1537,1539
1538,1539
1536,1538
1465,1539
1464,1538
1539,1541
1540,1541
1538,1540
1467,1541
1466,1540
1541,1543
1542,1543
1540,1542
1469,1543
1468,1542
1543,1545
1544,1545
1542,1544
1471,1545
1470,1544
1545,1547
1546,1547
1544,1546
1473,1547
1472,1546
1547,1549
1548,1549
1546,1548
1475,1549
1474,1548
1549,1551
1550,1551
1548,1550
1477,1551
1476,1550
1551,1553
1552,1553
1550,1552
1479,1553
1478,1552
1554,1555
1555,1557
1556,1557
1554,1556
1480,1554
1481,1555
1483,1557
1482,1556
1557,1559
1558,1559
1556,1558
1485,1559
1484,1558
1559,1561
1560,1561
1558,1560
1487,1561
1486,1560
1561,1563
1562,1563
1560,1562
1489,1563
1488,1562
1563,1565
1564,1565
1562,1564
1491,1565
1490,1564
1565,1567
1566,1567
1564,1566
1493,1567
1492,1566
1567,1569
1568,1569
1566,1568
1495,1569
1494,1568
1569,1571
1570,1571
1568,1570
1497,1571
1496,1570
1571,1573
1572,1573
1570,1572
1499,1573
1498,1572
1573,1575
1574,1575
1572,1574
1501,1575
1500,1574
1575,1577
1576,1577
1574,1576
1503,1577
1502,1576
1577,1579
1578,1579
1576,1578
1505,1579
1504,1578
1579,1581
1580,1581
1578,1580
1507,1581
1506,1580
1581,1583
1582,1583
1580,1582
1509,1583
1508,1582
1583,1585
1584,1585
1582,1584
1511,1585
1510,1584
1585,1587
1586,1587
1584,1586
1513,1587
1512,1586
1587,1589
1588,1589
1586,1588
1515,1589
1514,1588
1589,1591
1590,1591
1588,1590
1517,1591
1516,1590
1591,1593
1592,1593
1590,1592
1519,1593
1518,1592
1593,1595
1594,1595
1592,1594
1521,1595
1520,1594
1595,1597
1596,1597
1594,1596
1523,1597
1522,1596
1597,1599
1598,1599
1596,1598
1525,1599
1524,1598
1599,1601
1600,1601
1598,1600
1527,1601
1526,1600
1601,1603
1602,1603
1600,1602
1529,1603
1528,1602
1603,1605
1604,1605
1602,1604
1531,1605
1530,1604
1605,1607
1606,1607
1604,1606
1533,1607
1532,1606
1607,1609
1608,1609
1606,1608
1535,1609
1534,1608
1609,1611
1610,1611
1608,1610
1537,1611
1536,1610
1611,1613
1612,1613
1610,1612
1539,1613
1538,1612
1613,1615
1614,1615
1612,1614
1541,1615
1540,1614
1615,1617
1616,1617
1614,1616
1543,1617
1542,1616
1617,1619
1618,1619
1616,1618
1545,1619
1544,1618
1619,1621
1620,1621
1618,1620
1547,1621
1546,1620
1621,1623
1622,1623
1620,1622
1549,1623
1548,1622
1623,1625
1624,1625
1622,1624
1551,1625
1550,1624
1625,1627
1626,1627
1624,1626
1553,1627
1552,1626
1628,1629
1629,1631
1630,1631
1628,1630
1554,1628
1555,1629
1557,1631
1556,1630
1631,1633
1632,1633
1630,1632
1559,1633
1558,1632
1633,1635
1634,1635
1632,1634
1561,1635
1560,1634
1635,1637
1636,1637
1634,1636
1563,1637
1562,1636
1637,1639
1638,1639
1636,1638
1565,1639
1564,1638
1639,1641
1640,1641
1638,1640
1567,1641
1566,1640
1641,1643
1642,1643
1640,1642
1569,1643
1568,1642
1643,1645
1644,1645
1642,1644
1571,1645
1570,1644
1645,1647
1646,1647
1644,1646
1573,1647
1572,1646
1647,1649
1648,1649
1646,1648
1575,1649
1574,1648
1649,1651
1650,1651
1648,1650
1577,1651
1576,1650
1651,1653
1652,1653
1650,1652
1579,1653
1578,1652
1653,1655
1654,1655
1652,1654
1581,1655
1580,1654
1655,1657
1656,1657
1654,1656
1583,1657
1582,1656
1657,1659
1658,1659
1656,1658
1585,1659
1584,1658
1659,1661
1660,1661
1658,1660
1587,1661
1586,1660
1661,1663
1662,1663
1660,1662
1589,1663
1588,1662
1663,1665
1664,1665
1662,1664
1591,1665
1590,1664
1665,1667
1666,1667
1664,1666
1593,1667
1592,1666
1667,1669
1668,1669
1666,1668
1595,1669
1594,1668
1669,1671
1670,1671
1668,1670
1597,1671
1596,1670
1671,1673
1672,1673
1670,1672
1599,1673
1598,1672
1673,1675
1674,1675
1672,1674
1601,1675
1600,1674
1675,1677
1676,1677
1674,1676
1603,1677
1602,1676
1677,1679
1678,1679
1676,1678
1605,1679
1604,1678
1679,1681
1680,1681
1678,1680
1607,1681
1606,1680
1681,1683
1682,1683
1680,1682
1609,1683
1608,1682
1683,1685
1684,1685
1682,1684
1611,1685
1610,1684
1685,1687
1686,1687
1684,1686
1613,1687
1612,1686
1687,1689
1688,1689
1686,1688
1615,1689
1614,1688
1689,1691
1690,1691
1688,1690
1617,1691
1616,1690
1691,1693
1692,1693
1690,1692
1619,1693
1618,1692
1693,1695
1694,1695
1692,1694
1621,1695
1620,1694
1695,1697
1696,1697
1694,1696
1623,1697
1622,1696
1697,1699
1698,1699
1696,1698
1625,1699
1624,1698
1699,1701
1700,1701
1698,1700
1627,1701
1626,1700
1702,1703
1703,1705
1704,1705
1702,1704
1628,1702
1629,1703
1631,1705
1630,1704
1705,1707
1706,1707
1704,1706
1633,1707
1632,1706
1707,1709
1708,1709
1706,1708
1635,1709
1634,1708
1709,1711
1710,1711
1708,1710
1637,1711
1636,1710
1711,1713
1712,1713
1710,1712
1639,1713
1638,1712
1713,1715
1714,1715
1712,1714
1641,1715
1640,1714
1715,1717
1716,1717
1714,1716
1643,1717
1642,1716
1717,1719
1718,1719
1716,1718
1645,1719
1644,1718
1719,1721
1720,1721
1718,1720
1647,1721
1646,1720
1721,1723
1722,1723
1720,1722
1649,1723
1648,1722
1723,1725
1724,1725
1722,1724
1651,1725
1650,1724
1725,1727
1726,1727
1724,1726
1653,1727
1652,1726
1727,1729
1728,1729
1726,1728
1655,1729
1654,1728
1729,1731
1730,1731
1728,1730
1657,1731
1656,1730
1731,1733
1732,1733
1730,1732
1659,1733
1658,1732
1733,1735
1734,1735
1732,1734
1661,1735
1660,1734
1735,1737
1736,1737
1734,1736
1663,1737
1662,1736
1737,1739
1738,1739
1736,1738
1665,1739
1664,1738
1739,1741
1740,1741
1738,1740
1667,1741
1666,1740
1741,1743
1742,1743
1740,1742
1669,1743
1668,1742
1743,1745
1744,1745
1742,1744
1671,1745
1670,1744
1745,1747
1746,1747
1744,1746
1673,1747
1672,1746
1747,1749
1748,1749
1746,1748
1675,1749
1674,1748
1749,1751
1750,1751
1748,1750
1677,1751
1676,1750
1751,1753
1752,1753
1750,1752
1679,1753
1678,1752
1753,1755
1754,1755
1752,1754
1681,1755
1680,1754
1755,1757
1756,1757
1754,1756
1683,1757
1682,1756
1757,1759
1758,1759
1756,1758
1685,1759
1684,1758
1759,1761
1760,1761
1758,1760
1687,1761
1686,1760
1761,1763
1762,1763
1760,1762
1689,1763
1688,1762
1763,1765
1764,1765
1762,1764
1691,1765
1690,1764
1765,1767
1766,1767
1764,1766
1693,1767
1692,1766
1767,1769
1768,1769
1766,1768
1695,1769
1694,1768
1769,1771
1770,1771
1768,1770
1697,1771
1696,1770
1771,1773
1772,1773
1770,1772
1699,1773
1698,1772
1773,1775
1774,1775
1772,1774
1701,1775
1700,1774
1776,1777
1777,1779
1778,1779
1776,1778
1702,1776
1703,1777
1705,1779
1704,1778
1779,1781
1780,1781
1778,1780
1707,1781
1706,1780
1781,1783
1782,1783
1780,1782
1709,1783
1708,1782
1783,1785
1784,1785
1782,1784
1711,1785
1710,1784
1785,1787
1786,1787
1784,1786
1713,1787
1712,1786
1787,1789
1788,1789
1786,1788
1715,1789
1714,1788
1789,1791
1790,1791
1788,1790
1717,1791
1716,1790
1791,1793
1792,1793
1790,1792
1719,1793
1718,1792
1793,1795
1794,1795
1792,1794
1721,1795
1720,1794
1795,1797
1796,1797
1794,1796
1723,1797
1722,1796
1797,1799
1798,1799
1796,1798
1725,1799
1724,1798
1799,1801
1800,1801
1798,1800
1727,1801
1726,1800
1801,1803
1802,1803
1800,1802
1729,1803
1728,1802
1803,1805
1804,1805
1802,1804
1731,1805
1730,1804
1805,1807
1806,1807
1804,1806
1733,1807
1732,1806
1807,1809
1808,1809
1806,1808
1735,1809
1734,1808
1809,1811
1810,1811
1808,1810
1737,1811
1736,1810
1811,1813
1812,1813
1810,1812
1739,1813
1738,1812
1813,1815
1814,1815
1812,1814
1741,1815
1740,1814
1815,1817
1816,1817
1814,1816
1743,1817
1742,1816
1817,1819
1818,1819
1816,1818
1745,1819
1744,1818
1819,1821
1820,1821
1818,1820
1747,1821
1746,1820
1821,1823
1822,1823
1820,1822
1749,1823
1748,1822
1823,1825
1824,1825
1822,1824
1751,1825
1750,1824
1825,1827
1826,1827
1824,1826
1753,1827
1752,1826
1827,1829
1828,1829
1826,1828
1755,1829
1754,1828
1829,1831
1830,1831
1828,1830
1757,1831
1756,1830
1831,1833
1832,1833
1830,1832
1759,1833
1758,1832
1833,1835
1834,1835
1832,1834
1761,1835
1760,1834
1835,1837
1836,1837
1834,1836
1763,1837
1762,1836
1837,1839
1838,1839
1836,1838
1765,1839
1764,1838
1839,1841
1840,1841
1838,1840
1767,1841
1766,1840
1841,1843
1842,1843
1840,1842
1769,1843
1768,1842
1843,1845
1844,1845
1842,1844
1771,1845
1770,1844
1845,1847
1846,1847
1844,1846
1773,1847
1772,1846
1847,1849
1848,1849
1846,1848
1775,1849
1774,1848
1850,1851
1851,1853
1852,1853
1850,1852
1776,1850
1777,1851
1779,1853
1778,1852
1853,1855
1854,1855
1852,1854
1781,1855
1780,1854
1855,1857
1856,1857
1854,1856
1783,1857
1782,1856
1857,1859
1858,1859
1856,1858
1785,1859
1784,1858
1859,1861
1860,1861
1858,1860
1787,1861
1786,1860
1861,1863
1862,1863
1860,1862
1789,1863
1788,1862
1863,1865
1864,1865
1862,1864
1791,1865
1790,1864
1865,1867
1866,1867
1864,1866
1793,1867
1792,1866
1867,1869
1868,1869
1866,1868
1795,1869
1794,1868
1869,1871
1870,1871
1868,1870
1797,1871
1796,1870
1871,1873
1872,1873
1870,1872
1799,1873
1798,1872
1873,1875
1874,1875
1872,1874
1801,1875
1800,1874
1875,1877
1876,1877
1874,1876
1803,1877
1802,1876
1877,1879
1878,1879
1876,1878
1805,1879
1804,1878
1879,1881
1880,1881
1878,1880
1807,1881
1806,1880
1881,1883
1882,1883
1880,1882
1809,1883
1808,1882
1883,1885
1884,1885
1882,1884
1811,1885
1810,1884
1885,1887
1886,1887
1884,1886
1813,1887
1812,1886
1887,1889
1888,1889
1886,1888
1815,1889
1814,1888
1889,1891
1890,1891
1888,1890
1817,1891
1816,1890
1891,1893
1892,1893
1890,1892
1819,1893
1818,1892
1893,1895
1894,1895
1892,1894
1821,1895
1820,1894
1895,1897
1896,1897
1894,1896
1823,1897
1822,1896
1897,1899
1898,1899
1896,1898
1825,1899
1824,1898
1899,1901
1900,1901
1898,1900
1827,1901
1826,1900
1901,1903
1902,1903
1900,1902
1829,1903
1828,1902
1903,1905
1904,1905
1902,1904
1831,1905
1830,1904
1905,1907
1906,1907
1904,1906
1833,1907
1832,1906
1907,1909
1908,1909
1906,1908
1835,1909
1834,1908
1909,1911
1910,1911
1908,1910
1837,1911
1836,1910
1911,1913
1912,1913
1910,1912
1839,1913
1838,1912
1913,1915
1914,1915
1912,1914
1841,1915
1840,1914
1915,1917
1916,1917
1914,1916
1843,1917
1842,1916
1917,1919
1918,1919
1916,1918
1845,1919
1844,1918
1919,1921
1920,1921
1918,1920
1847,1921
1846,1920
1921,1923
1922,1923
1920,1922
1849,1923
1848,1922
1924,1925
1925,1927
1926,1927
1924,1926
1850,1924
1851,1925
1853,1927
1852,1926
1927,1929
1928,1929
1926,1928
1855,1929
1854,1928
1929,1931
1930,1931
1928,1930
1857,1931
1856,1930
1931,1933
1932,1933
1930,1932
1859,1933
1858,1932
1933,1935
1934,1935
1932,1934
1861,1935
1860,1934
1935,1937
1936,1937
1934,1936
1863,1937
1862,1936
1937,1939
1938,1939
1936,1938
1865,1939
1864,1938
1939,1941
1940,1941
1938,1940
1867,1941
1866,1940
1941,1943
1942,1943
1940,1942
1869,1943
1868,1942
1943,1945
1944,1945
1942,1944
1871,1945
1870,1944
1945,1947
1946,1947
1944,1946
1873,1947
1872,1946
1947,1949
1948,1949
1946,1948
1875,1949
1874,1948
1949,1951
1950,1951
1948,1950
1877,1951
1876,1950
1951,1953
1952,1953
1950,1952
1879,1953
1878,1952
1953,1955
1954,1955
1952,1954
1881,1955
1880,1954
1955,1957
1956,1957
1954,1956
1883,1957
1882,1956
1957,1959
1958,1959
1956,1958
1885,1959
1884,1958
1959,1961
1960,1961
1958,1960
1887,1961
1886,1960
1961,1963
1962,1963
1960,1962
1889,1963
1888,1962
1963,1965
1964,1965
1962,1964
1891,1965
1890,1964
1965,1967
1966,1967
1964,1966
1893,1967
1892,1966
1967,1969
1968,1969
1966,1968
1895,1969
1894,1968
1969,1971
1970,1971
1968,1970
1897,1971
1896,1970
1971,1973
1972,1973
1970,1972
1899,1973
1898,1972
1973,1975
1974,1975
1972,1974
1901,1975
1900,1974
1975,1977
1976,1977
1974,1976
1903,1977
1902,1976
1977,1979
1978,1979
1976,1978
1905,1979
1904,1978
1979,1981
1980,1981
1978,1980
1907,1981
1906,1980
1981,1983
1982,1983
1980,1982
1909,1983
1908,1982
1983,1985
1984,1985
1982,1984
1911,1985
1910,1984
1985,1987
1986,1987
1984,1986
1913,1987
1912,1986
1987,1989
1988,1989
1986,1988
1915,1989
1914,1988
1989,1991
1990,1991
1988,1990
1917,1991
1916,1990
1991,1993
1992,1993
1990,1992
1919,1993
1918,1992
1993,1995
1994,1995
1992,1994
1921,1995
1920,1994
1995,1997
1996,1997
1994,1996
1923,1997
1922,1996
1998,1999
1999,2001
2000,2001
1998,2000
1924,1998
1925,1999
1927,2001
1926,2000
2001,2003
2002,2003
2000,2002
1929,2003
1928,2002
2003,2005
2004,2005
2002,2004
1931,2005
1930,2004
2005,2007
2006,2007
2004,2006
1933,2007
1932,2006
2007,2009
2008,2009
2006,2008
1935,2009
1934,2008
2009,2011
2010,2011
2008,2010
1937,2011
1936,2010
2011,2013
2012,2013
2010,2012
1939,2013
1938,2012
2013,2015
2014,2015
2012,2014
1941,2015
1940,2014
2015,2017
2016,2017
2014,2016
1943,2017
1942,2016
2017,2019
2018,2019
2016,2018
1945,2019
1944,2018
2019,2021
2020,2021
2018,2020
1947,2021
1946,2020
2021,2023
2022,2023
2020,2022
1949,2023
1948,2022
2023,2025
2024,2025
2022,2024
1951,2025
1950,2024
2025,2027
2026,2027
2024,2026
1953,2027
1952,2026
2027,2029
2028,2029
2026,2028
1955,2029
1954,2028
2029,2031
2030,2031
2028,2030
1957,2031
1956,2030
2031,2033
2032,2033
2030,2032
1959,2033
1958,2032
2033,2035
2034,2035
2032,2034
1961,2035
1960,2034
2035,2037
2036,2037
2034,2036
1963,2037
1962,2036
2037,2039
2038,2039
2036,2038
1965,2039
1964,2038
2039,2041
2040,2041
2038,2040
1967,2041
1966,2040
2041,2043
2042,2043
2040,2042
1969,2043
1968,2042
2043,2045
2044,2045
2042,2044
1971,2045
1970,2044
2045,2047
2046,2047
2044,2046
1973,2047
1972,2046
2047,2049
2048,2049
2046,2048
1975,2049
1974,2048
2049,2051
2050,2051
2048,2050
1977,2051
1976,2050
2051,2053
2052,2053
2050,2052
1979,2053
1978,2052
2053,2055
2054,2055
2052,2054
1981,2055
1980,2054
2055,2057
2056,2057
2054,2056
1983,2057
1982,2056
2057,2059
2058,2059
2056,2058
1985,2059
1984,2058
2059,2061
2060,2061
2058,2060
1987,2061
1986,2060
2061,2063
2062,2063
2060,2062
1989,2063
1988,2062
2063,2065
2064,2065
2062,2064
1991,2065
1990,2064
2065,2067
2066,2067
2064,2066
1993,2067
1992,2066
2067,2069
2068,2069
2066,2068
1995,2069
1994,2068
2069,2071
2070,2071
2068,2070
1997,2071
1996,2070
2072,2073
2073,2075
2074,2075
2072,2074
1998,2072
1999,2073
2001,2075
2000,2074
2075,2077
2076,2077
2074,2076
2003,2077
2002,2076
2077,2079
2078,2079
2076,2078
2005,2079
2004,2078
2079,2081
2080,2081
2078,2080
2007,2081
2006,2080
2081,2083
2082,2083
2080,2082
2009,2083
2008,2082
2083,2085
2084,2085
2082,2084
2011,2085
2010,2084
2085,2087
2086,2087
2084,2086
2013,2087
2012,2086
2087,2089
2088,2089
2086,2088
2015,2089
2014,2088
2089,2091
2090,2091
2088,2090
2017,2091
2016,2090
2091,2093
2092,2093
2090,2092
2019,2093
2018,2092
2093,2095
2094,2095
2092,2094
2021,2095
2020,2094
2095,2097
2096,2097
2094,2096
2023,2097
2022,2096
2097,2099
2098,2099
2096,2098
2025,2099
2024,2098
2099,2101
2100,2101
2098,2100
2027,2101
2026,2100
2101,2103
2102,2103
2100,2102
2029,2103
2028,2102
2103,2105
2104,2105
2102,2104
2031,2105
2030,2104
2105,2107
2106,2107
2104,2106
2033,2107
2032,2106
2107,2109
2108,2109
2106,2108
2035,2109
2034,2108
2109,2111
2110,2111
2108,2110
2037,2111
2036,2110
2111,2113
2112,2113
2110,2112
2039,2113
2038,2112
2113,2115
2114,2115
2112,2114
2041,2115
2040,2114
2115,2117
2116,2117
2114,2116
2043,2117
2042,2116
2117,2119
2118,2119
2116,2118
2045,2119
2044,2118
2119,2121
2120,2121
2118,2120
2047,2121
2046,2120
2121,2123
2122,2123
2120,2122
2049,2123
2048,2122
2123,2125
2124,2125
2122,2124
2051,2125
2050,2124
2125,2127
2126,2127
2124,2126
2053,2127
2052,2126
2127,2129
2128,2129
2126,2128
2055,2129
2054,2128
2129,2131
2130,2131
2128,2130
2057,2131
2056,2130
2131,2133
2132,2133
2130,2132
2059,2133
2058,2132
2133,2135
2134,2135
2132,2134
2061,2135
2060,2134
2135,2137
2136,2137
2134,2136
2063,2137
2062,2136
2137,2139
2138,2139
2136,2138
2065,2139
2064,2138
2139,2141
2140,2141
2138,2140
2067,2141
2066,2140
2141,2143
2142,2143
2140,2142
2069,2143
2068,2142
2143,2145
2144,2145
2142,2144
2071,2145
2070,2144
2146,2147
2147,2149
2148,2149
2146,2148
2072,2146
2073,2147
2075,2149
2074,2148
2149,2151
2150,2151
2148,2150
2077,2151
2076,2150
2151,2153
2152,2153
2150,2152
2079,2153
2078,2152
2153,2155
2154,2155
2152,2154
2081,2155
2080,2154
2155,2157
2156,2157
2154,2156
2083,2157
2082,2156
2157,2159
2158,2159
2156,2158
2085,2159
2084,2158
2159,2161
2160,2161
2158,2160
2087,2161
2086,2160
2161,2163
2162,2163
2160,2162
2089,2163
2088,2162
2163,2165
2164,2165
2162,2164
2091,2165
2090,2164
2165,2167
2166,2167
2164,2166
2093,2167
2092,2166
2167,2169
2168,2169
2166,2168
2095,2169
2094,2168
2169,2171
2170,2171
2168,2170
2097,2171
2096,2170
2171,2173
2172,2173
2170,2172
2099,2173
2098,2172
2173,2175
2174,2175
2172,2174
2101,2175
2100,2174
2175,2177
2176,2177
2174,2176
2103,2177
2102,2176
2177,2179
2178,2179
2176,2178
2105,2179
2104,2178
2179,2181
2180,2181
2178,2180
2107,2181
2106,2180
2181,2183
2182,2183
2180,2182
2109,2183
2108,2182
2183,2185
2184,2185
2182,2184
2111,2185
2110,2184
2185,2187
2186,2187
2184,2186
2113,2187
2112,2186
2187,2189
2188,2189
2186,2188
2115,2189
2114,2188
2189,2191
2190,2191
2188,2190
2117,2191
2116,2190
2191,2193
2192,2193
2190,2192
2119,2193
2118,2192
2193,2195
2194,2195
2192,2194
2121,2195
2120,2194
2195,2197
2196,2197
2194,2196
2123,2197
2122,2196
2197,2199
2198,2199
2196,2198
2125,2199
2124,2198
2199,2201
2200,2201
2198,2200
2127,2201
2126,2200
2201,2203
2202,2203
2200,2202
2129,2203
2128,2202
2203,2205
2204,2205
2202,2204
2131,2205
2130,2204
2205,2207
2206,2207
2204,2206
2133,2207
2132,2206
2207,2209
2208,2209
2206,2208
2135,2209
2134,2208
2209,2211
2210,2211
2208,2210
2137,2211
2136,2210
2211,2213
2212,2213
2210,2212
2139,2213
2138,2212
2213,2215
2214,2215
2212,2214
2141,2215
2140,2214
2215,2217
2216,2217
2214,2216
2143,2217
2142,2216
2217,2219
2218,2219
2216,2218
2145,2219
2144,2218
2220,2221
2221,2223
2222,2223
2220,2222
2146,2220
2147,2221
2149,2223
2148,2222
2223,2225
2224,2225
2222,2224
2151,2225
2150,2224
2225,2227
2226,2227
2224,2226
2153,2227
2152,2226
2227,2229
2228,2229
2226,2228
2155,2229
2154,2228
2229,2231
2230,2231
2228,2230
2157,2231
2156,2230
2231,2233
2232,2233
2230,2232
2159,2233
2158,2232
2233,2235
2234,2235
2232,2234
2161,2235
2160,2234
2235,2237
2236,2237
2234,2236
2163,2237
2162,2236
2237,2239
2238,2239
2236,2238
2165,2239
2164,2238
2239,2241
2240,2241
2238,2240
2167,2241
2166,2240
2241,2243
2242,2243
2240,2242
2169,2243
2168,2242
2243,2245
2244,2245
2242,2244
2171,2245
2170,2244
2245,2247
2246,2247
2244,2246
2173,2247
2172,2246
2247,2249
2248,2249
2246,2248
2175,2249
2174,2248
2249,2251
2250,2251
2248,2250
2177,2251
2176,2250
2251,2253
2252,2253
2250,2252
2179,2253
2178,2252
2253,2255
2254,2255
2252,2254
2181,2255
2180,2254
2255,2257
2256,2257
2254,2256
2183,2257
2182,2256
2257,2259
2258,2259
2256,2258
2185,2259
2184,2258
2259,2261
2260,2261
2258,2260
2187,2261
2186,2260
2261,2263
2262,2263
2260,2262
2189,2263
2188,2262
2263,2265
2264,2265
2262,2264
2191,2265
2190,2264
2265,2267
2266,2267
2264,2266
2193,2267
2192,2266
2267,2269
2268,2269
2266,2268
2195,2269
2194,2268
2269,2271
2270,2271
2268,2270
2197,2271
2196,2270
2271,2273
2272,2273
2270,2272
2199,2273
2198,2272
2273,2275
2274,2275
2272,2274
2201,2275
2200,2274
2275,2277
2276,2277
2274,2276
2203,2277
2202,2276
2277,2279
2278,2279
2276,2278
2205,2279
2204,2278
2279,2281
2280,2281
2278,2280
2207,2281
2206,2280
2281,2283
2282,2283
2280,2282
2209,2283
2208,2282
2283,2285
2284,2285
2282,2284
2211,2285
2210,2284
2285,2287
2286,2287
2284,2286
2213,2287
2212,2286
2287,2289
2288,2289
2286,2288
2215,2289
2214,2288
2289,2291
2290,2291
2288,2290
2217,2291
2216,2290
2291,2293
2292,2293
2290,2292
2219,2293
2218,2292
2294,2295
2295,2297
2296,2297
2294,2296
2220,2294
2221,2295
2223,2297
2222,2296
2297,2299
2298,2299
2296,2298
2225,2299
2224,2298
2299,2301
2300,2301
2298,2300
2227,2301
2226,2300
2301,2303
2302,2303
2300,2302
2229,2303
2228,2302
2303,2305
2304,2305
2302,2304
2231,2305
2230,2304
2305,2307
2306,2307
2304,2306
2233,2307
2232,2306
2307,2309
2308,2309
2306,2308
2235,2309
2234,2308
2309,2311
2310,2311
2308,2310
2237,2311
2236,2310
2311,2313
2312,2313
2310,2312
2239,2313
2238,2312
2313,2315
2314,2315
2312,2314
2241,2315
2240,2314
2315,2317
2316,2317
2314,2316
2243,2317
2242,2316
2317,2319
2318,2319
2316,2318
2245,2319
2244,2318
2319,2321
2320,2321
2318,2320
2247,2321
2246,2320
2321,2323
2322,2323
2320,2322
2249,2323
2248,2322
2323,2325
2324,2325
2322,2324
2251,2325
2250,2324
2325,2327
2326,2327
2324,2326
2253,2327
2252,2326
2327,2329
2328,2329
2326,2328
2255,2329
2254,2328
2329,2331
2330,2331
2328,2330
2257,2331
2256,2330
2331,2333
2332,2333
2330,2332
2259,2333
2258,2332
2333,2335
2334,2335
2332,2334
2261,2335
2260,2334
2335,2337
2336,2337
2334,2336
2263,2337
2262,2336
2337,2339
2338,2339
2336,2338
2265,2339
2264,2338
2339,2341
2340,2341
2338,2340
2267,2341
2266,2340
2341,2343
2342,2343
2340,2342
2269,2343
2268,2342
2343,2345
2344,2345
2342,2344
2271,2345
2270,2344
2345,2347
2346,2347
2344,2346
2273,2347
2272,2346
2347,2349
2348,2349
2346,2348
2275,2349
2274,2348
2349,2351
2350,2351
2348,2350
2277,2351
2276,2350
2351,2353
2352,2353
2350,2352
2279,2353
2278,2352
2353,2355
2354,2355
2352,2354
2281,2355
2280,2354
2355,2357
2356,2357
2354,2356
2283,2357
2282,2356
2357,2359
2358,2359
2356,2358
2285,2359
2284,2358
2359,2361
2360,2361
2358,2360
2287,2361
2286,2360
2361,2363
2362,2363
2360,2362
2289,2363
2288,2362
2363,2365
2364,2365
2362,2364
2291,2365
2290,2364
2365,2367
2366,2367
2364,2366
2293,2367
2292,2366
2368,2369
2369,2371
2370,2371
2368,2370
2294,2368
2295,2369
2297,2371
2296,2370
2371,2373
2372,2373
2370,2372
2299,2373
2298,2372
2373,2375
2374,2375
2372,2374
2301,2375
2300,2374
2375,2377
2376,2377
2374,2376
2303,2377
2302,2376
2377,2379
2378,2379
2376,2378
2305,2379
2304,2378
2379,2381
2380,2381
2378,2380
2307,2381
2306,2380
2381,2383
2382,2383
2380,2382
2309,2383
2308,2382
2383,2385
2384,2385
2382,2384
2311,2385
2310,2384
2385,2387
2386,2387
2384,2386
2313,2387
2312,2386
2387,2389
2388,2389
2386,2388
2315,2389
2314,2388
2389,2391
2390,2391
2388,2390
2317,2391
2316,2390
2391,2393
2392,2393
2390,2392
2319,2393
2318,2392
2393,2395
2394,2395
2392,2394
2321,2395
2320,2394
2395,2397
2396,2397
2394,2396
2323,2397
2322,2396
2397,2399
2398,2399
2396,2398
2325,2399
2324,2398
2399,2401
2400,2401
2398,2400
2327,2401
2326,2400
2401,2403
2402,2403
2400,2402
2329,2403
2328,2402
2403,2405
2404,2405
2402,2404
2331,2405
2330,2404
2405,2407
2406,2407
2404,2406
2333,2407
2332,2406
2407,2409
2408,2409
2406,2408
2335,2409
2334,2408
2409,2411
2410,2411
2408,2410
2337,2411
2336,2410
2411,2413
2412,2413
2410,2412
2339,2413
2338,2412
2413,2415
2414,2415
2412,2414
2341,2415
2340,2414
2415,2417
2416,2417
2414,2416
2343,2417
2342,2416
2417,2419
2418,2419
2416,2418
2345,2419
2344,2418
2419,2421
2420,2421
2418,2420
2347,2421
2346,2420
2421,2423
2422,2423
2420,2422
2349,2423
2348,2422
2423,2425
2424,2425
2422,2424
2351,2425
2350,2424
2425,2427
2426,2427
2424,2426
2353,2427
2352,2426
2427,2429
2428,2429
2426,2428
2355,2429
2354,2428
2429,2431
2430,2431
2428,2430
2357,2431
2356,2430
2431,2433
2432,2433
2430,2432
2359,2433
2358,2432
2433,2435
2434,2435
2432,2434
2361,2435
2360,2434
2435,2437
2436,2437
2434,2436
2363,2437
2362,2436
2437,2439
2438,2439
2436,2438
2365,2439
2364,2438
2439,2441
2440,2441
2438,2440
2367,2441
2366,2440
2442,2443
2443,2445
2444,2445
2442,2444
2368,2442
2369,2443
2371,2445
2370,2444
2445,2447
2446,2447
2444,2446
2373,2447
2372,2446
2447,2449
2448,2449
2446,2448
2375,2449
2374,2448
2449,2451
2450,2451
2448,2450
2377,2451
2376,2450
2451,2453
2452,2453
2450,2452
2379,2453
2378,2452
2453,2455
2454,2455
2452,2454
2381,2455
2380,2454
2455,2457
2456,2457
2454,2456
2383,2457
2382,2456
2457,2459
2458,2459
2456,2458
2385,2459
2384,2458
2459,2461
2460,2461
2458,2460
2387,2461
2386,2460
2461,2463
2462,2463
2460,2462
2389,2463
2388,2462
2463,2465
2464,2465
2462,2464
2391,2465
2390,2464
2465,2467
2466,2467
2464,2466
2393,2467
2392,2466
2467,2469
2468,2469
2466,2468
2395,2469
2394,2468
2469,2471
2470,2471
2468,2470
2397,2471
2396,2470
2471,2473
2472,2473
2470,2472
2399,2473
2398,2472
2473,2475
2474,2475
2472,2474
2401,2475
2400,2474
2475,2477
2476,2477
2474,2476
2403,2477
2402,2476
2477,2479
2478,2479
2476,2478
2405,2479
2404,2478
2479,2481
2480,2481
2478,2480
2407,2481
2406,2480
2481,2483
2482,2483
2480,2482
2409,2483
2408,2482
2483,2485
2484,2485
2482,2484
2411,2485
2410,2484
2485,2487
2486,2487
2484,2486
2413,2487
2412,2486
2487,2489
2488,2489
2486,2488
2415,2489
2414,2488
2489,2491
2490,2491
2488,2490
2417,2491
2416,2490
2491,2493
2492,2493
2490,2492
2419,2493
2418,2492
2493,2495
2494,2495
2492,2494
2421,2495
2420,2494
2495,2497
2496,2497
2494,2496
2423,2497
2422,2496
2497,2499
2498,2499
2496,2498
2425,2499
2424,2498
2499,2501
2500,2501
2498,2500
2427,2501
2426,2500
2501,2503
2502,2503
2500,2502
2429,2503
2428,2502
2503,2505
2504,2505
2502,2504
2431,2505
2430,2504
2505,2507
2506,2507
2504,2506
2433,2507
2432,2506
2507,2509
2508,2509
2506,2508
2435,2509
2434,2508
2509,2511
2510,2511
2508,2510
2437,2511
2436,2510
2511,2513
2512,2513
2510,2512
2439,2513
2438,2512
2513,2515
2514,2515
2512,2514
2441,2515
2440,2514
2516,2517
2517,2519
2518,2519
2516,2518
2442,2516
2443,2517
2445,2519
2444,2518
2519,2521
2520,2521
2518,2520
2447,2521
2446,2520
2521,2523
2522,2523
2520,2522
2449,2523
2448,2522
2523,2525
2524,2525
2522,2524
2451,2525
2450,2524
2525,2527
2526,2527
2524,2526
2453,2527
2452,2526
2527,2529
2528,2529
2526,2528
2455,2529
2454,2528
2529,2531
2530,2531
2528,2530
2457,2531
2456,2530
2531,2533
2532,2533
2530,2532
2459,2533
2458,2532
2533,2535
2534,2535
2532,2534
2461,2535
2460,2534
2535,2537
2536,2537
2534,2536
2463,2537
2462,2536
2537,2539
2538,2539
2536,2538
2465,2539
2464,2538
2539,2541
2540,2541
2538,2540
2467,2541
2466,2540
2541,2543
2542,2543
2540,2542
2469,2543
2468,2542
2543,2545
2544,2545
2542,2544
2471,2545
2470,2544
2545,2547
2546,2547
2544,2546
2473,2547
2472,2546
2547,2549
2548,2549
2546,2548
2475,2549
2474,2548
2549,2551
2550,2551
2548,2550
2477,2551
2476,2550
2551,2553
2552,2553
2550,2552
2479,2553
2478,2552
2553,2555
2554,2555
2552,2554
2481,2555
2480,2554
2555,2557
2556,2557
2554,2556
2483,2557
2482,2556
2557,2559
2558,2559
2556,2558
2485,2559
2484,2558
2559,2561
2560,2561
2558,2560
2487,2561
2486,2560
2561,2563
2562,2563
2560,2562
2489,2563
2488,2562
2563,2565
2564,2565
2562,2564
2491,2565
2490,2564
2565,2567
2566,2567
2564,2566
2493,2567
2492,2566
2567,2569
2568,2569
2566,2568
2495,2569
2494,2568
2569,2571
2570,2571
2568,2570
2497,2571
2496,2570
2571,2573
2572,2573
2570,2572
2499,2573
2498,2572
2573,2575
2574,2575
2572,2574
2501,2575
2500,2574
2575,2577
2576,2577
2574,2576
2503,2577
2502,2576
2577,2579
2578,2579
2576,2578
2505,2579
2504,2578
2579,2581
2580,2581
2578,2580
2507,2581
2506,2580
2581,2583
2582,2583
2580,2582
2509,2583
2508,2582
2583,2585
2584,2585
2582,2584
2511,2585
2510,2584
2585,2587
2586,2587
2584,2586
2513,2587
2512,2586
2587,2589
2588,2589
2586,2588
2515,2589
2514,2588
2516,2590
2517,2591
2519,2593
2518,2592
2521,2595
2520,2594
2523,2597
2522,2596
2525,2599
2524,2598
2527,2601
2526,2600
2529,2603
2528,2602
2531,2605
2530,2604
2533,2607
2532,2606
2535,2609
2534,2608
2537,2611
2536,2610
2539,2613
2538,2612
2541,2615
2540,2614
2543,2617
2542,2616
2545,2619
2544,2618
2547,2621
2546,2620
2549,2623
2548,2622
2551,2625
2550,2624
2553,2627
2552,2626
2555,2629
2554,2628
2557,2631
2556,2630
2559,2633
2558,2632
2561,2635
2560,2634
2563,2637
2562,2636
2565,2639
2564,2638
2567,2641
2566,2640
2569,2643
2568,2642
2571,2645
2570,2644
2573,2647
2572,2646
2575,2649
2574,2648
2577,2651
2576,2650
2579,2653
2578,2652
2581,2655
2580,2654
2583,2657
2582,2656
2585,2659
2584,2658
2587,2661
2586,2660
2589,2663
2588,2662
