2878,2879
2879,2883
2882,2883
2878,2882
2800,2804
2800,2801
2800,2878
2801,2879
2804,2882
2879,2880
2880,2884
2883,2884
2801,2802
2802,2880
2880,2881
2881,2885
2884,2885
2803,2805
2802,2803
2803,2881
2805,2885
2883,2887
2886,2887
2882,2886
2804,2806
2806,2886
2884,2888
2887,2888
2885,2889
2888,2889
2805,2807
2807,2889
2887,2891
2890,2891
2886,2890
2806,2808
2808,2890
2888,2892
2891,2892
2889,2893
2892,2893
2807,2809
2809,2893
2891,2895
2894,2895
2890,2894
2808,2810
2810,2894
2892,2896
2895,2896
2893,2897
2896,2897
2809,2811
2811,2897
2895,2899
2898,2899
2894,2898
2810,2812
2812,2898
2896,2900
2899,2900
2897,2901
2900,2901
2811,2813
2813,2901
2899,2903
2902,2903
2898,2902
2812,2814
2814,2902
2900,2904
2903,2904
2901,2905
2904,2905
2813,2815
2815,2905
2903,2907
2906,2907
2902,2906
2814,2816
2816,2906
2904,2908
2907,2908
2905,2909
2908,2909
2815,2817
2817,2909
2907,2911
2910,2911
2906,2910
2816,2818
2818,2910
2908,2912
2911,2912
2909,2913
2912,2913
2817,2819
2819,2913
2911,2915
2914,2915
2910,2914
2818,2820
2820,2914
2912,2916
2915,2916
2913,2917
2916,2917
2819,2821
2821,2917
2915,2919
2918,2919
2914,2918
2820,2822
2822,2918
2916,2920
2919,2920
2917,2921
2920,2921
2821,2823
2823,2921
2919,2923
2922,2923
2918,2922
2822,2824
2824,2922
2920,2924
2923,2924
2921,2925
2924,2925
2823,2825
2825,2925
2923,2927
2926,2927
2922,2926
2824,2826
2826,2926
2924,2928
2927,2928
2925,2929
2928,2929
2825,2827
2827,2929
2927,2931
2930,2931
2926,2930
2826,2828
2828,2930
2928,2932
2931,2932
2929,2933
2932,2933
2827,2829
2829,2933
2931,2935
2934,2935
2930,2934
2828,2830
2830,2934
2932,2936
2935,2936
2933,2937
2936,2937
2829,2831
2831,2937
2935,2939
2938,2939
2934,2938
2830,2832
2832,2938
2936,2940
2939,2940
2937,2941
2940,2941
2831,2833
2833,2941
2939,2943
2942,2943
2938,2942
2832,2834
2834,2942
2940,2944
2943,2944
2941,2945
2944,2945
2833,2835
2835,2945
2943,2947
2946,2947
2942,2946
2834,2836
2836,2946
2944,2948
2947,2948
2945,2949
2948,2949
2835,2837
2837,2949
2947,2951
2950,2951
2946,2950
2836,2838
2838,2950
2948,2952
2951,2952
2949,2953
2952,2953
2837,2839
2839,2953
2951,2955
2954,2955
2950,2954
2838,2840
2840,2954
2952,2956
2955,2956
2953,2957
2956,2957
2839,2841
2841,2957
2955,2959
2958,2959
2954,2958
2840,2842
2842,2958
2956,2960
2959,2960
2957,2961
2960,2961
2841,2843
2843,2961
2959,2963
2962,2963
2958,2962
2842,2844
2844,2962
2960,2964
2963,2964
2961,2965
2964,2965
2843,2845
2845,2965
2963,2967
2966,2967
2962,2966
2844,2846
2846,2966
2964,2968
2967,2968
2965,2969
2968,2969
2845,2847
2847,2969
2967,2971
2970,2971
2966,2970
2846,2848
2848,2970
2968,2972
2971,2972
2969,2973
2972,2973
2847,2849
2849,2973
2971,2975
2974,2975
2970,2974
2848,2850
2850,2974
2972,2976
2975,2976
2973,2977
2976,2977
2849,2851
2851,2977
2975,2979
2978,2979
2974,2978
2850,2852
2852,2978
2976,2980
2979,2980
2977,2981
2980,2981
2851,2853
2853,2981
2979,2983
2982,2983
2978,2982
2852,2854
2854,2982
2980,2984
2983,2984
2981,2985
2984,2985
2853,2855
2855,2985
2983,2987
2986,2987
2982,2986
2854,2856
2856,2986
2984,2988
2987,2988
2985,2989
2988,2989
2855,2857
2857,2989
2987,2991
2990,2991
2986,2990
2856,2858
2858,2990
2988,2992
2991,2992
2989,2993
2992,2993
2857,2859
2859,2993
2991,2995
2994,2995
2990,2994
2858,2860
2860,2994
2992,2996
2995,2996
2993,2997
2996,2997
2859,2861
2861,2997
2995,2999
2998,2999
2994,2998
2860,2862
2862,2998
2996,3000
2999,3000
2997,3001
3000,3001
2861,2863
2863,3001
2999,3003
3002,3003
2998,3002
2862,2864
2864,3002
3000,3004
3003,3004
3001,3005
3004,3005
2863,2865
2865,3005
3003,3007
3006,3007
3002,3006
2864,2866
2866,3006
3004,3008
3007,3008
3005,3009
3008,3009
2865,2867
2867,3009
3007,3011
3010,3011
3006,3010
2866,2868
2868,3010
3008,3012
3011,3012
3009,3013
3012,3013
2867,2869
2869,3013
3011,3015
3014,3015
3010,3014
2868,2870
2870,3014
3012,3016
3015,3016
3013,3017
3016,3017
2869,2871
2871,3017
3015,3019
3018,3019
3014,3018
2870,2872
2872,3018
3016,3020
3019,3020
3017,3021
3020,3021
2871,2873
2873,3021
3019,3023
3022,3023
3018,3022
2872,2874
2874,2875
2875,3023
2874,3022
3020,3024
3023,3024
2875,2876
2876,3024
3021,3025
3024,3025
2876,2877
2873,2877
2877,3025
148,149
148,152
0,4
4,5
1,5
0,1
0,148
1,149
4,152
152,154
4,8
8,9
5,9
8,154
154,156
8,12
12,13
9,13
12,156
156,158
12,16
16,17
13,17
16,158
158,160
16,20
20,21
17,21
20,160
160,162
20,24
24,25
21,25
24,162
162,164
24,28
28,29
25,29
28,164
164,166
28,32
32,33
29,33
32,166
166,168
32,36
36,37
33,37
36,168
168,170
36,40
40,41
37,41
40,170
170,172
40,44
44,45
41,45
44,172
172,174
44,48
48,49
45,49
48,174
174,176
48,52
52,53
49,53
52,176
176,178
52,56
56,57
53,57
56,178
178,180
56,60
60,61
57,61
60,180
180,182
60,64
64,65
61,65
64,182
182,184
64,68
68,69
65,69
68,184
184,186
68,72
72,73
69,73
72,186
186,188
72,76
76,77
73,77
76,188
188,190
76,80
80,81
77,81
80,190
190,192
80,84
84,85
81,85
84,192
192,194
84,88
88,89
85,89
88,194
194,196
88,92
92,93
89,93
92,196
196,198
92,96
96,97
93,97
96,198
198,200
96,100
100,101
97,101
100,200
200,202
100,104
104,105
101,105
104,202
202,204
104,108
108,109
105,109
108,204
204,206
108,112
112,113
109,113
112,206
206,208
112,116
116,117
113,117
116,208
208,210
116,120
120,121
117,121
120,210
210,212
120,124
124,125
121,125
124,212
212,214
124,128
128,129
125,129
128,214
214,216
128,132
132,133
129,133
132,216
216,218
132,136
136,137
133,137
136,218
218,220
136,140
140,141
137,141
140,220
222,223
220,222
140,144
144,145
141,145
145,223
144,222
226,227
226,230
148,226
149,227
152,230
230,232
154,232
232,234
156,234
234,236
158,236
236,238
160,238
238,240
162,240
240,242
164,242
242,244
166,244
244,246
168,246
246,248
170,248
248,250
172,250
250,252
174,252
252,254
176,254
254,256
178,256
256,258
180,258
258,260
182,260
260,262
184,262
262,264
186,264
264,266
188,266
266,268
190,268
268,270
192,270
270,272
194,272
272,274
196,274
274,276
198,276
276,278
200,278
278,280
202,280
280,282
204,282
282,284
206,284
284,286
208,286
286,288
210,288
288,290
212,290
290,292
214,292
292,294
216,294
294,296
218,296
296,298
220,298
300,301
298,300
223,301
222,300
304,305
304,308
226,304
227,305
230,308
308,310
232,310
310,312
234,312
312,314
236,314
314,316
238,316
316,318
240,318
318,320
242,320
320,322
244,322
322,324
246,324
324,326
248,326
326,328
250,328
328,330
252,330
330,332
254,332
332,334
256,334
334,336
258,336
336,338
260,338
338,340
262,340
340,342
264,342
342,344
266,344
344,346
268,346
346,348
270,348
348,350
272,350
350,352
274,352
352,354
276,354
354,356
278,356
356,358
280,358
358,360
282,360
360,362
284,362
362,364
286,364
364,366
288,366
366,368
290,368
368,370
292,370
370,372
294,372
372,374
296,374
374,376
298,376
378,379
376,378
301,379
300,378
382,383
382,386
304,382
305,383
308,386
386,388
310,388
388,390
312,390
390,392
314,392
392,394
316,394
394,396
318,396
396,398
320,398
398,400
322,400
400,402
324,402
402,404
326,404
404,406
328,406
406,408
330,408
408,410
332,410
410,412
334,412
412,414
336,414
414,416
338,416
416,418
340,418
418,420
342,420
420,422
344,422
422,424
346,424
424,426
348,426
426,428
350,428
428,430
352,430
430,432
354,432
432,434
356,434
434,436
358,436
436,438
360,438
438,440
362,440
440,442
364,442
442,444
366,444
444,446
368,446
446,448
370,448
448,450
372,450
450,452
374,452
452,454
376,454
456,457
454,456
379,457
378,456
460,461
460,464
382,460
383,461
386,464
464,466
388,466
466,468
390,468
468,470
392,470
470,472
394,472
472,474
396,474
474,476
398,476
476,478
400,478
478,480
402,480
480,482
404,482
482,484
406,484
484,486
408,486
486,488
410,488
488,490
412,490
490,492
414,492
492,494
416,494
494,496
418,496
496,498
420,498
498,500
422,500
500,502
424,502
502,504
426,504
504,506
428,506
506,508
430,508
508,510
432,510
510,512
434,512
512,514
436,514
514,516
438,516
516,518
440,518
518,520
442,520
520,522
444,522
522,524
446,524
524,526
448,526
526,528
450,528
528,530
452,530
530,532
454,532
534,535
532,534
457,535
456,534
538,539
538,542
460,538
461,539
464,542
542,544
466,544
544,546
468,546
546,548
470,548
548,550
472,550
550,552
474,552
552,554
476,554
554,556
478,556
556,558
480,558
558,560
482,560
560,562
484,562
562,564
486,564
564,566
488,566
566,568
490,568
568,570
492,570
570,572
494,572
572,574
496,574
574,576
498,576
576,578
500,578
578,580
502,580
580,582
504,582
582,584
506,584
584,586
508,586
586,588
510,588
588,590
512,590
590,592
514,592
592,594
516,594
594,596
518,596
596,598
520,598
598,600
522,600
600,602
524,602
602,604
526,604
604,606
528,606
606,608
530,608
608,610
532,610
612,613
610,612
535,613
534,612
616,617
616,620
538,616
539,617
542,620
620,622
544,622
622,624
546,624
624,626
548,626
626,628
550,628
628,630
552,630
630,632
554,632
632,634
556,634
634,636
558,636
636,638
560,638
638,640
562,640
640,642
564,642
642,644
566,644
644,646
568,646
646,648
570,648
648,650
572,650
650,652
574,652
652,654
576,654
654,656
578,656
656,658
580,658
658,660
582,660
660,662
584,662
662,664
586,664
664,666
588,666
666,668
590,668
668,670
592,670
670,672
594,672
672,674
596,674
674,676
598,676
676,678
600,678
678,680
602,680
680,682
604,682
682,684
606,684
684,686
608,686
686,688
610,688
690,691
688,690
613,691
612,690
694,695
694,698
616,694
617,695
620,698
698,700
622,700
700,702
624,702
702,704
626,704
704,706
628,706
706,708
630,708
708,710
632,710
710,712
634,712
712,714
636,714
714,716
638,716
716,718
640,718
718,720
642,720
720,722
644,722
722,724
646,724
724,726
648,726
726,728
650,728
728,730
652,730
730,732
654,732
732,734
656,734
734,736
658,736
736,738
660,738
738,740
662,740
740,742
664,742
742,744
666,744
744,746
668,746
746,748
670,748
748,750
672,750
750,752
674,752
752,754
676,754
754,756
678,756
756,758
680,758
758,760
682,760
760,762
684,762
762,764
686,764
764,766
688,766
768,769
766,768
691,769
690,768
772,773
772,776
694,772
695,773
698,776
776,778
700,778
778,780
702,780
780,782
704,782
782,784
706,784
784,786
708,786
786,788
710,788
788,790
712,790
790,792
714,792
792,794
716,794
794,796
718,796
796,798
720,798
798,800
722,800
800,802
724,802
802,804
726,804
804,806
728,806
806,808
730,808
808,810
732,810
810,812
734,812
812,814
736,814
814,816
738,816
816,818
740,818
818,820
742,820
820,822
744,822
822,824
746,824
824,826
748,826
826,828
750,828
828,830
752,830
830,832
754,832
832,834
756,834
834,836
758,836
836,838
760,838
838,840
762,840
840,842
764,842
842,844
766,844
846,847
844,846
769,847
768,846
850,851
850,854
772,850
773,851
776,854
854,856
778,856
856,858
780,858
858,860
782,860
860,862
784,862
862,864
786,864
864,866
788,866
866,868
790,868
868,870
792,870
870,872
794,872
872,874
796,874
874,876
798,876
876,878
800,878
878,880
802,880
880,882
804,882
882,884
806,884
884,886
808,886
886,888
810,888
888,890
812,890
890,892
814,892
892,894
816,894
894,896
818,896
896,898
820,898
898,900
822,900
900,902
824,902
902,904
826,904
904,906
828,906
906,908
830,908
908,910
832,910
910,912
834,912
912,914
836,914
914,916
838,916
916,918
840,918
918,920
842,920
920,922
844,922
924,925
922,924
847,925
846,924
928,929
928,932
850,928
851,929
854,932
932,934
856,934
934,936
858,936
936,938
860,938
938,940
862,940
940,942
864,942
942,944
866,944
944,946
868,946
946,948
870,948
948,950
872,950
950,952
874,952
952,954
876,954
954,956
878,956
956,958
880,958
958,960
882,960
960,962
884,962
962,964
886,964
964,966
888,966
966,968
890,968
968,970
892,970
970,972
894,972
972,974
896,974
974,976
898,976
976,978
900,978
978,980
902,980
980,982
904,982
982,984
906,984
984,986
908,986
986,988
910,988
988,990
912,990
990,992
914,992
992,994
916,994
994,996
918,996
996,998
920,998
998,1000
922,1000
1002,1003
1000,1002
925,1003
924,1002
1006,1007
1006,1010
928,1006
929,1007
932,1010
1010,1012
934,1012
1012,1014
936,1014
1014,1016
938,1016
1016,1018
940,1018
1018,1020
942,1020
1020,1022
944,1022
1022,1024
946,1024
1024,1026
948,1026
1026,1028
950,1028
1028,1030
952,1030
1030,1032
954,1032
1032,1034
956,1034
1034,1036
958,1036
1036,1038
960,1038
1038,1040
962,1040
1040,1042
964,1042
1042,1044
966,1044
1044,1046
968,1046
1046,1048
970,1048
1048,1050
972,1050
1050,1052
974,1052
1052,1054
976,1054
1054,1056
978,1056
1056,1058
980,1058
1058,1060
982,1060
1060,1062
984,1062
1062,1064
986,1064
1064,1066
988,1066
1066,1068
990,1068
1068,1070
992,1070
1070,1072
994,1072
1072,1074
996,1074
1074,1076
998,1076
1076,1078
1000,1078
1080,1081
1078,1080
1003,1081
1002,1080
1084,1085
1084,1088
1006,1084
1007,1085
1010,1088
1088,1090
1012,1090
1090,1092
1014,1092
1092,1094
1016,1094
1094,1096
1018,1096
1096,1098
1020,1098
1098,1100
1022,1100
1100,1102
1024,1102
1102,1104
1026,1104
1104,1106
1028,1106
1106,1108
1030,1108
1108,1110
1032,1110
1110,1112
1034,1112
1112,1114
1036,1114
1114,1116
1038,1116
1116,1118
1040,1118
1118,1120
1042,1120
1120,1122
1044,1122
1122,1124
1046,1124
1124,1126
1048,1126
1126,1128
1050,1128
1128,1130
1052,1130
1130,1132
1054,1132
1132,1134
1056,1134
1134,1136
1058,1136
1136,1138
1060,1138
1138,1140
1062,1140
1140,1142
1064,1142
1142,1144
1066,1144
1144,1146
1068,1146
1146,1148
1070,1148
1148,1150
1072,1150
1150,1152
1074,1152
1152,1154
1076,1154
1154,1156
1078,1156
1158,1159
1156,1158
1081,1159
1080,1158
1162,1163
1162,1166
1084,1162
1085,1163
1088,1166
1166,1168
1090,1168
1168,1170
1092,1170
1170,1172
1094,1172
1172,1174
1096,1174
1174,1176
1098,1176
1176,1178
1100,1178
1178,1180
1102,1180
1180,1182
1104,1182
1182,1184
1106,1184
1184,1186
1108,1186
1186,1188
1110,1188
1188,1190
1112,1190
1190,1192
1114,1192
1192,1194
1116,1194
1194,1196
1118,1196
1196,1198
1120,1198
1198,1200
1122,1200
1200,1202
1124,1202
1202,1204
1126,1204
1204,1206
1128,1206
1206,1208
1130,1208
1208,1210
1132,1210
1210,1212
1134,1212
1212,1214
1136,1214
1214,1216
1138,1216
1216,1218
1140,1218
1218,1220
1142,1220
1220,1222
1144,1222
1222,1224
1146,1224
1224,1226
1148,1226
1226,1228
1150,1228
1228,1230
1152,1230
1230,1232
1154,1232
1232,1234
1156,1234
1236,1237
1234,1236
1159,1237
1158,1236
1240,1241
1240,1244
1162,1240
1163,1241
1166,1244
1244,1246
1168,1246
1246,1248
1170,1248
1248,1250
1172,1250
1250,1252
1174,1252
1252,1254
1176,1254
1254,1256
1178,1256
1256,1258
1180,1258
1258,1260
1182,1260
1260,1262
1184,1262
1262,1264
1186,1264
1264,1266
1188,1266
1266,1268
1190,1268
1268,1270
1192,1270
1270,1272
1194,1272
1272,1274
1196,1274
1274,1276
1198,1276
1276,1278
1200,1278
1278,1280
1202,1280
1280,1282
1204,1282
1282,1284
1206,1284
1284,1286
1208,1286
1286,1288
1210,1288
1288,1290
1212,1290
1290,1292
1214,1292
1292,1294
1216,1294
1294,1296
1218,1296
1296,1298
1220,1298
1298,1300
1222,1300
1300,1302
1224,1302
1302,1304
1226,1304
1304,1306
1228,1306
1306,1308
1230,1308
1308,1310
1232,1310
1310,1312
1234,1312
1314,1315
1312,1314
1237,1315
1236,1314
1318,1319
1318,1322
1240,1318
1241,1319
1244,1322
1322,1324
1246,1324
1324,1326
1248,1326
1326,1328
1250,1328
1328,1330
1252,1330
1330,1332
1254,1332
1332,1334
1256,1334
1334,1336
1258,1336
1336,1338
1260,1338
1338,1340
1262,1340
1340,1342
1264,1342
1342,1344
1266,1344
1344,1346
1268,1346
1346,1348
1270,1348
1348,1350
1272,1350
1350,1352
1274,1352
1352,1354
1276,1354
1354,1356
1278,1356
1356,1358
1280,1358
1358,1360
1282,1360
1360,1362
1284,1362
1362,1364
1286,1364
1364,1366
1288,1366
1366,1368
1290,1368
1368,1370
1292,1370
1370,1372
1294,1372
1372,1374
1296,1374
1374,1376
1298,1376
1376,1378
1300,1378
1378,1380
1302,1380
1380,1382
1304,1382
1382,1384
1306,1384
1384,1386
1308,1386
1386,1388
1310,1388
1388,1390
1312,1390
1392,1393
1390,1392
1315,1393
1314,1392
1396,1397
1396,1400
1318,1396
1319,1397
1322,1400
1400,1402
1324,1402
1402,1404
1326,1404
1404,1406
1328,1406
1406,1408
1330,1408
1408,1410
1332,1410
1410,1412
1334,1412
1412,1414
1336,1414
1414,1416
1338,1416
1416,1418
1340,1418
1418,1420
1342,1420
1420,1422
1344,1422
1422,1424
1346,1424
1424,1426
1348,1426
1426,1428
1350,1428
1428,1430
1352,1430
1430,1432
1354,1432
1432,1434
1356,1434
1434,1436
1358,1436
1436,1438
1360,1438
1438,1440
1362,1440
1440,1442
1364,1442
1442,1444
1366,1444
1444,1446
1368,1446
1446,1448
1370,1448
1448,1450
1372,1450
1450,1452
1374,1452
1452,1454
1376,1454
1454,1456
1378,1456
1456,1458
1380,1458
1458,1460
1382,1460
1460,1462
1384,1462
1462,1464
1386,1464
1464,1466
1388,1466
1466,1468
1390,1468
1470,1471
1468,1470
1393,1471
1392,1470
1474,1475
1474,1478
1396,1474
1397,1475
1400,1478
1478,1480
1402,1480
1480,1482
1404,1482
1482,1484
1406,1484
1484,1486
1408,1486
1486,1488
1410,1488
1488,1490
1412,1490
1490,1492
1414,1492
1492,1494
1416,1494
1494,1496
1418,1496
1496,1498
1420,1498
1498,1500
1422,1500
1500,1502
1424,1502
1502,1504
1426,1504
1504,1506
1428,1506
1506,1508
1430,1508
1508,1510
1432,1510
1510,1512
1434,1512
1512,1514
1436,1514
1514,1516
1438,1516
1516,1518
1440,1518
1518,1520
1442,1520
1520,1522
1444,1522
1522,1524
1446,1524
1524,1526
1448,1526
1526,1528
1450,1528
1528,1530
1452,1530
1530,1532
1454,1532
1532,1534
1456,1534
1534,1536
1458,1536
1536,1538
1460,1538
1538,1540
1462,1540
1540,1542
1464,1542
1542,1544
1466,1544
1544,1546
1468,1546
1548,1549
1546,1548
1471,1549
1470,1548
1552,1553
1552,1556
1474,1552
1475,1553
1478,1556
1556,1558
1480,1558
1558,1560
1482,1560
1560,1562
1484,1562
1562,1564
1486,1564
1564,1566
1488,1566
1566,1568
1490,1568
1568,1570
1492,1570
1570,1572
1494,1572
1572,1574
1496,1574
1574,1576
1498,1576
1576,1578
1500,1578
1578,1580
1502,1580
1580,1582
1504,1582
1582,1584
1506,1584
1584,1586
1508,1586
1586,1588
1510,1588
1588,1590
1512,1590
1590,1592
1514,1592
1592,1594
1516,1594
1594,1596
1518,1596
1596,1598
1520,1598
1598,1600
1522,1600
1600,1602
1524,1602
1602,1604
1526,1604
1604,1606
1528,1606
1606,1608
1530,1608
1608,1610
1532,1610
1610,1612
1534,1612
1612,1614
1536,1614
1614,1616
1538,1616
1616,1618
1540,1618
1618,1620
1542,1620
1620,1622
1544,1622
1622,1624
1546,1624
1626,1627
1624,1626
1549,1627
1548,1626
1630,1631
1630,1634
1552,1630
1553,1631
1556,1634
1634,1636
1558,1636
1636,1638
1560,1638
1638,1640
1562,1640
1640,1642
1564,1642
1642,1644
1566,1644
1644,1646
1568,1646
1646,1648
1570,1648
1648,1650
1572,1650
1650,1652
1574,1652
1652,1654
1576,1654
1654,1656
1578,1656
1656,1658
1580,1658
1658,1660
1582,1660
1660,1662
1584,1662
1662,1664
1586,1664
1664,1666
1588,1666
1666,1668
1590,1668
1668,1670
1592,1670
1670,1672
1594,1672
1672,1674
1596,1674
1674,1676
1598,1676
1676,1678
1600,1678
1678,1680
1602,1680
1680,1682
1604,1682
1682,1684
1606,1684
1684,1686
1608,1686
1686,1688
1610,1688
1688,1690
1612,1690
1690,1692
1614,1692
1692,1694
1616,1694
1694,1696
1618,1696
1696,1698
1620,1698
1698,1700
1622,1700
1700,1702
1624,1702
1704,1705
1702,1704
1627,1705
1626,1704
1708,1709
1708,1712
1630,1708
1631,1709
1634,1712
1712,1714
1636,1714
1714,1716
1638,1716
1716,1718
1640,1718
1718,1720
1642,1720
1720,1722
1644,1722
1722,1724
1646,1724
1724,1726
1648,1726
1726,1728
1650,1728
1728,1730
1652,1730
1730,1732
1654,1732
1732,1734
1656,1734
1734,1736
1658,1736
1736,1738
1660,1738
1738,1740
1662,1740
1740,1742
1664,1742
1742,1744
1666,1744
1744,1746
1668,1746
1746,1748
1670,1748
1748,1750
1672,1750
1750,1752
1674,1752
1752,1754
1676,1754
1754,1756
1678,1756
1756,1758
1680,1758
1758,1760
1682,1760
1760,1762
1684,1762
1762,1764
1686,1764
1764,1766
1688,1766
1766,1768
1690,1768
1768,1770
1692,1770
1770,1772
1694,1772
1772,1774
1696,1774
1774,1776
1698,1776
1776,1778
1700,1778
1778,1780
1702,1780
1782,1783
1780,1782
1705,1783
1704,1782
1786,1787
1786,1790
1708,1786
1709,1787
1712,1790
1790,1792
1714,1792
1792,1794
1716,1794
1794,1796
1718,1796
1796,1798
1720,1798
1798,1800
1722,1800
1800,1802
1724,1802
1802,1804
1726,1804
1804,1806
1728,1806
1806,1808
1730,1808
1808,1810
1732,1810
1810,1812
1734,1812
1812,1814
1736,1814
1814,1816
1738,1816
1816,1818
1740,1818
1818,1820
1742,1820
1820,1822
1744,1822
1822,1824
1746,1824
1824,1826
1748,1826
1826,1828
1750,1828
1828,1830
1752,1830
1830,1832
1754,1832
1832,1834
1756,1834
1834,1836
1758,1836
1836,1838
1760,1838
1838,1840
1762,1840
1840,1842
1764,1842
1842,1844
1766,1844
1844,1846
1768,1846
1846,1848
1770,1848
1848,1850
1772,1850
1850,1852
1774,1852
1852,1854
1776,1854
1854,1856
1778,1856
1856,1858
1780,1858
1860,1861
1858,1860
1783,1861
1782,1860
1864,1865
1864,1868
1786,1864
1787,1865
1790,1868
1868,1870
1792,1870
1870,1872
1794,1872
1872,1874
1796,1874
1874,1876
1798,1876
1876,1878
1800,1878
1878,1880
1802,1880
1880,1882
1804,1882
1882,1884
1806,1884
1884,1886
1808,1886
1886,1888
1810,1888
1888,1890
1812,1890
1890,1892
1814,1892
1892,1894
1816,1894
1894,1896
1818,1896
1896,1898
1820,1898
1898,1900
1822,1900
1900,1902
1824,1902
1902,1904
1826,1904
1904,1906
1828,1906
1906,1908
1830,1908
1908,1910
1832,1910
1910,1912
1834,1912
1912,1914
1836,1914
1914,1916
1838,1916
1916,1918
1840,1918
1918,1920
1842,1920
1920,1922
1844,1922
1922,1924
1846,1924
1924,1926
1848,1926
1926,1928
1850,1928
1928,1930
1852,1930
1930,1932
1854,1932
1932,1934
1856,1934
1934,1936
1858,1936
1938,1939
1936,1938
1861,1939
1860,1938
1942,1943
1942,1946
1864,1942
1865,1943
1868,1946
1946,1948
1870,1948
1948,1950
1872,1950
1950,1952
1874,1952
1952,1954
1876,1954
1954,1956
1878,1956
1956,1958
1880,1958
1958,1960
1882,1960
1960,1962
1884,1962
1962,1964
1886,1964
1964,1966
1888,1966
1966,1968
1890,1968
1968,1970
1892,1970
1970,1972
1894,1972
1972,1974
1896,1974
1974,1976
1898,1976
1976,1978
1900,1978
1978,1980
1902,1980
1980,1982
1904,1982
1982,1984
1906,1984
1984,1986
1908,1986
1986,1988
1910,1988
1988,1990
1912,1990
1990,1992
1914,1992
1992,1994
1916,1994
1994,1996
1918,1996
1996,1998
1920,1998
1998,2000
1922,2000
2000,2002
1924,2002
2002,2004
1926,2004
2004,2006
1928,2006
2006,2008
1930,2008
2008,2010
1932,2010
2010,2012
1934,2012
2012,2014
1936,2014
2016,2017
2014,2016
1939,2017
1938,2016
2020,2021
2020,2024
1942,2020
1943,2021
1946,2024
2024,2026
1948,2026
2026,2028
1950,2028
2028,2030
1952,2030
2030,2032
1954,2032
2032,2034
1956,2034
2034,2036
1958,2036
2036,2038
1960,2038
2038,2040
1962,2040
2040,2042
1964,2042
2042,2044
1966,2044
2044,2046
1968,2046
2046,2048
1970,2048
2048,2050
1972,2050
2050,2052
1974,2052
2052,2054
1976,2054
2054,2056
1978,2056
2056,2058
1980,2058
2058,2060
1982,2060
2060,2062
1984,2062
2062,2064
1986,2064
2064,2066
1988,2066
2066,2068
1990,2068
2068,2070
1992,2070
2070,2072
1994,2072
2072,2074
1996,2074
2074,2076
1998,2076
2076,2078
2000,2078
2078,2080
2002,2080
2080,2082
2004,2082
2082,2084
2006,2084
2084,2086
2008,2086
2086,2088
2010,2088
2088,2090
2012,2090
2090,2092
2014,2092
2094,2095
2092,2094
2017,2095
2016,2094
2098,2099
2098,2102
2020,2098
2021,2099
2024,2102
2102,2104
2026,2104
2104,2106
2028,2106
2106,2108
2030,2108
2108,2110
2032,2110
2110,2112
2034,2112
2112,2114
2036,2114
2114,2116
2038,2116
2116,2118
2040,2118
2118,2120
2042,2120
2120,2122
2044,2122
2122,2124
2046,2124
2124,2126
2048,2126
2126,2128
2050,2128
2128,2130
2052,2130
2130,2132
2054,2132
2132,2134
2056,2134
2134,2136
2058,2136
2136,2138
2060,2138
2138,2140
2062,2140
2140,2142
2064,2142
2142,2144
2066,2144
2144,2146
2068,2146
2146,2148
2070,2148
2148,2150
2072,2150
2150,2152
2074,2152
2152,2154
2076,2154
2154,2156
2078,2156
2156,2158
2080,2158
2158,2160
2082,2160
2160,2162
2084,2162
2162,2164
2086,2164
2164,2166
2088,2166
2166,2168
2090,2168
2168,2170
2092,2170
2172,2173
2170,2172
2095,2173
2094,2172
2176,2177
2176,2180
2098,2176
2099,2177
2102,2180
2180,2182
2104,2182
2182,2184
2106,2184
2184,2186
2108,2186
2186,2188
2110,2188
2188,2190
2112,2190
2190,2192
2114,2192
2192,2194
2116,2194
2194,2196
2118,2196
2196,2198
2120,2198
2198,2200
2122,2200
2200,2202
2124,2202
2202,2204
2126,2204
2204,2206
2128,2206
2206,2208
2130,2208
2208,2210
2132,2210
2210,2212
2134,2212
2212,2214
2136,2214
2214,2216
2138,2216
2216,2218
2140,2218
2218,2220
2142,2220
2220,2222
2144,2222
2222,2224
2146,2224
2224,2226
2148,2226
2226,2228
2150,2228
2228,2230
2152,2230
2230,2232
2154,2232
2232,2234
2156,2234
2234,2236
2158,2236
2236,2238
2160,2238
2238,2240
2162,2240
2240,2242
2164,2242
2242,2244
2166,2244
2244,2246
2168,2246
2246,2248
2170,2248
2250,2251
2248,2250
2173,2251
2172,2250
2254,2255
2254,2258
2176,2254
2177,2255
2180,2258
2258,2260
2182,2260
2260,2262
2184,2262
2262,2264
2186,2264
2264,2266
2188,2266
2266,2268
2190,2268
2268,2270
2192,2270
2270,2272
2194,2272
2272,2274
2196,2274
2274,2276
2198,2276
2276,2278
2200,2278
2278,2280
2202,2280
2280,2282
2204,2282
2282,2284
2206,2284
2284,2286
2208,2286
2286,2288
2210,2288
2288,2290
2212,2290
2290,2292
2214,2292
2292,2294
2216,2294
2294,2296
2218,2296
2296,2298
2220,2298
2298,2300
2222,2300
2300,2302
2224,2302
2302,2304
2226,2304
2304,2306
2228,2306
2306,2308
2230,2308
2308,2310
2232,2310
2310,2312
2234,2312
2312,2314
2236,2314
2314,2316
2238,2316
2316,2318
2240,2318
2318,2320
2242,2320
2320,2322
2244,2322
2322,2324
2246,2324
2324,2326
2248,2326
2328,2329
2326,2328
2251,2329
2250,2328
2332,2333
2332,2336
2254,2332
2255,2333
2258,2336
2336,2338
2260,2338
2338,2340
2262,2340
2340,2342
2264,2342
2342,2344
2266,2344
2344,2346
2268,2346
2346,2348
2270,2348
2348,2350
2272,2350
2350,2352
2274,2352
2352,2354
2276,2354
2354,2356
2278,2356
2356,2358
2280,2358
2358,2360
2282,2360
2360,2362
2284,2362
2362,2364
2286,2364
2364,2366
2288,2366
2366,2368
2290,2368
2368,2370
2292,2370
2370,2372
2294,2372
2372,2374
2296,2374
2374,2376
2298,2376
2376,2378
2300,2378
2378,2380
2302,2380
2380,2382
2304,2382
2382,2384
2306,2384
2384,2386
2308,2386
2386,2388
2310,2388
2388,2390
2312,2390
2390,2392
2314,2392
2392,2394
2316,2394
2394,2396
2318,2396
2396,2398
2320,2398
2398,2400
2322,2400
2400,2402
2324,2402
2402,2404
2326,2404
2406,2407
2404,2406
2329,2407
2328,2406
2410,2411
2410,2414
2332,2410
2333,2411
2336,2414
2414,2416
2338,2416
2416,2418
2340,2418
2418,2420
2342,2420
2420,2422
2344,2422
2422,2424
2346,2424
2424,2426
2348,2426
2426,2428
2350,2428
2428,2430
2352,2430
2430,2432
2354,2432
2432,2434
2356,2434
2434,2436
2358,2436
2436,2438
2360,2438
2438,2440
2362,2440
2440,2442
2364,2442
2442,2444
2366,2444
2444,2446
2368,2446
2446,2448
2370,2448
2448,2450
2372,2450
2450,2452
2374,2452
2452,2454
2376,2454
2454,2456
2378,2456
2456,2458
2380,2458
2458,2460
2382,2460
2460,2462
2384,2462
2462,2464
2386,2464
2464,2466
2388,2466
2466,2468
2390,2468
2468,2470
2392,2470
2470,2472
2394,2472
2472,2474
2396,2474
2474,2476
2398,2476
2476,2478
2400,2478
2478,2480
2402,2480
2480,2482
2404,2482
2484,2485
2482,2484
2407,2485
2406,2484
2488,2489
2488,2492
2410,2488
2411,2489
2414,2492
2492,2494
2416,2494
2494,2496
2418,2496
2496,2498
2420,2498
2498,2500
2422,2500
2500,2502
2424,2502
2502,2504
2426,2504
2504,2506
2428,2506
2506,2508
2430,2508
2508,2510
2432,2510
2510,2512
2434,2512
2512,2514
2436,2514
2514,2516
2438,2516
2516,2518
2440,2518
2518,2520
2442,2520
2520,2522
2444,2522
2522,2524
2446,2524
2524,2526
2448,2526
2526,2528
2450,2528
2528,2530
2452,2530
2530,2532
2454,2532
2532,2534
2456,2534
2534,2536
2458,2536
2536,2538
2460,2538
2538,2540
2462,2540
2540,2542
2464,2542
2542,2544
2466,2544
2544,2546
2468,2546
2546,2548
2470,2548
2548,2550
2472,2550
2550,2552
2474,2552
2552,2554
2476,2554
2554,2556
2478,2556
2556,2558
2480,2558
2558,2560
2482,2560
2562,2563
2560,2562
2485,2563
2484,2562
2566,2567
2566,2570
2488,2566
2489,2567
2492,2570
2570,2572
2494,2572
2572,2574
2496,2574
2574,2576
2498,2576
2576,2578
2500,2578
2578,2580
2502,2580
2580,2582
2504,2582
2582,2584
2506,2584
2584,2586
2508,2586
2586,2588
2510,2588
2588,2590
2512,2590
2590,2592
2514,2592
2592,2594
2516,2594
2594,2596
2518,2596
2596,2598
2520,2598
2598,2600
2522,2600
2600,2602
2524,2602
2602,2604
2526,2604
2604,2606
2528,2606
2606,2608
2530,2608
2608,2610
2532,2610
2610,2612
2534,2612
2612,2614
2536,2614
2614,2616
2538,2616
2616,2618
2540,2618
2618,2620
2542,2620
2620,2622
2544,2622
2622,2624
2546,2624
2624,2626
2548,2626
2626,2628
2550,2628
2628,2630
2552,2630
2630,2632
2554,2632
2632,2634
2556,2634
2634,2636
2558,2636
2636,2638
2560,2638
2640,2641
2638,2640
2563,2641
2562,2640
2644,2645
2644,2648
2566,2644
2567,2645
2570,2648
2648,2650
2572,2650
2650,2652
2574,2652
2652,2654
2576,2654
2654,2656
2578,2656
2656,2658
2580,2658
2658,2660
2582,2660
2660,2662
2584,2662
2662,2664
2586,2664
2664,2666
2588,2666
2666,2668
2590,2668
2668,2670
2592,2670
2670,2672
2594,2672
2672,2674
2596,2674
2674,2676
2598,2676
2676,2678
2600,2678
2678,2680
2602,2680
2680,2682
2604,2682
2682,2684
2606,2684
2684,2686
2608,2686
2686,2688
2610,2688
2688,2690
2612,2690
2690,2692
2614,2692
2692,2694
2616,2694
2694,2696
2618,2696
2696,2698
2620,2698
2698,2700
2622,2700
2700,2702
2624,2702
2702,2704
2626,2704
2704,2706
2628,2706
2706,2708
2630,2708
2708,2710
2632,2710
2710,2712
2634,2712
2712,2714
2636,2714
2714,2716
2638,2716
2718,2719
2716,2718
2641,2719
2640,2718
2722,2723
2722,2726
2644,2722
2645,2723
2648,2726
2726,2728
2650,2728
2728,2730
2652,2730
2730,2732
2654,2732
2732,2734
2656,2734
2734,2736
2658,2736
2736,2738
2660,2738
2738,2740
2662,2740
2740,2742
2664,2742
2742,2744
2666,2744
2744,2746
2668,2746
2746,2748
2670,2748
2748,2750
2672,2750
2750,2752
2674,2752
2752,2754
2676,2754
2754,2756
2678,2756
2756,2758
2680,2758
2758,2760
2682,2760
2760,2762
2684,2762
2762,2764
2686,2764
2764,2766
2688,2766
2766,2768
2690,2768
2768,2770
2692,2770
2770,2772
2694,2772
2772,2774
2696,2774
2774,2776
2698,2776
2776,2778
2700,2778
2778,2780
2702,2780
2780,2782
2704,2782
2782,2784
2706,2784
2784,2786
2708,2786
2786,2788
2710,2788
2788,2790
2712,2790
2790,2792
2714,2792
2792,2794
2716,2794
2796,2797
2794,2796
2719,2797
2718,2796
2722,2800
2723,2801
2726,2804
2728,2806
2730,2808
2732,2810
2734,2812
2736,2814
2738,2816
2740,2818
2742,2820
2744,2822
2746,2824
2748,2826
2750,2828
2752,2830
2754,2832
2756,2834
2758,2836
2760,2838
2762,2840
2764,2842
2766,2844
2768,2846
2770,2848
2772,2850
2774,2852
2776,2854
2778,2856
2780,2858
2782,2860
2784,2862
2786,2864
2788,2866
2790,2868
2792,2870
2794,2872
2797,2875
2796,2874
149,150
5,6
2,6
1,2
2,150
150,151
151,153
6,7
3,7
2,3
3,151
7,153
9,10
6,10
153,155
10,11
7,11
11,155
13,14
10,14
155,157
14,15
11,15
15,157
17,18
14,18
157,159
18,19
15,19
19,159
21,22
18,22
159,161
22,23
19,23
23,161
25,26
22,26
161,163
26,27
23,27
27,163
29,30
26,30
163,165
30,31
27,31
31,165
33,34
30,34
165,167
34,35
31,35
35,167
37,38
34,38
167,169
38,39
35,39
39,169
41,42
38,42
169,171
42,43
39,43
43,171
45,46
42,46
171,173
46,47
43,47
47,173
49,50
46,50
173,175
50,51
47,51
51,175
53,54
50,54
175,177
54,55
51,55
55,177
57,58
54,58
177,179
58,59
55,59
59,179
61,62
58,62
179,181
62,63
59,63
63,181
65,66
62,66
181,183
66,67
63,67
67,183
69,70
66,70
183,185
70,71
67,71
71,185
73,74
70,74
185,187
74,75
71,75
75,187
77,78
74,78
187,189
78,79
75,79
79,189
81,82
78,82
189,191
82,83
79,83
83,191
85,86
82,86
191,193
86,87
83,87
87,193
89,90
86,90
193,195
90,91
87,91
91,195
93,94
90,94
195,197
94,95
91,95
95,197
97,98
94,98
197,199
98,99
95,99
99,199
101,102
98,102
199,201
102,103
99,103
103,201
105,106
102,106
201,203
106,107
103,107
107,203
109,110
106,110
203,205
110,111
107,111
111,205
113,114
110,114
205,207
114,115
111,115
115,207
117,118
114,118
207,209
118,119
115,119
119,209
121,122
118,122
209,211
122,123
119,123
123,211
125,126
122,126
211,213
126,127
123,127
127,213
129,130
126,130
213,215
130,131
127,131
131,215
133,134
130,134
215,217
134,135
131,135
135,217
137,138
134,138
217,219
138,139
135,139
139,219
141,142
138,142
219,221
142,143
139,143
143,221
223,224
145,146
142,146
146,224
221,225
224,225
146,147
143,147
147,225
228,229
229,231
150,228
151,229
153,231
231,233
155,233
233,235
157,235
235,237
159,237
237,239
161,239
239,241
163,241
241,243
165,243
243,245
167,245
245,247
169,247
247,249
171,249
249,251
173,251
251,253
175,253
253,255
177,255
255,257
179,257
257,259
181,259
259,261
183,261
261,263
185,263
263,265
187,265
265,267
189,267
267,269
191,269
269,271
193,271
271,273
195,273
273,275
197,275
275,277
199,277
277,279
201,279
279,281
203,281
281,283
205,283
283,285
207,285
285,287
209,287
287,289
211,289
289,291
213,291
291,293
215,293
293,295
217,295
295,297
219,297
297,299
221,299
299,303
302,303
225,303
224,302
306,307
307,309
228,306
229,307
231,309
309,311
233,311
311,313
235,313
313,315
237,315
315,317
239,317
317,319
241,319
319,321
243,321
321,323
245,323
323,325
247,325
325,327
249,327
327,329
251,329
329,331
253,331
331,333
255,333
333,335
257,335
335,337
259,337
337,339
261,339
339,341
263,341
341,343
265,343
343,345
267,345
345,347
269,347
347,349
271,349
349,351
273,351
351,353
275,353
353,355
277,355
355,357
279,357
357,359
281,359
359,361
283,361
361,363
285,363
363,365
287,365
365,367
289,367
367,369
291,369
369,371
293,371
371,373
295,373
373,375
297,375
375,377
299,377
377,381
380,381
303,381
302,380
384,385
385,387
306,384
307,385
309,387
387,389
311,389
389,391
313,391
391,393
315,393
393,395
317,395
395,397
319,397
397,399
321,399
399,401
323,401
401,403
325,403
403,405
327,405
405,407
329,407
407,409
331,409
409,411
333,411
411,413
335,413
413,415
337,415
415,417
339,417
417,419
341,419
419,421
343,421
421,423
345,423
423,425
347,425
425,427
349,427
427,429
351,429
429,431
353,431
431,433
355,433
433,435
357,435
435,437
359,437
437,439
361,439
439,441
363,441
441,443
365,443
443,445
367,445
445,447
369,447
447,449
371,449
449,451
373,451
451,453
375,453
453,455
377,455
455,459
458,459
381,459
380,458
462,463
463,465
384,462
385,463
387,465
465,467
389,467
467,469
391,469
469,471
393,471
471,473
395,473
473,475
397,475
475,477
399,477
477,479
401,479
479,481
403,481
481,483
405,483
483,485
407,485
485,487
409,487
487,489
411,489
489,491
413,491
491,493
415,493
493,495
417,495
495,497
419,497
497,499
421,499
499,501
423,501
501,503
425,503
503,505
427,505
505,507
429,507
507,509
431,509
509,511
433,511
511,513
435,513
513,515
437,515
515,517
439,517
517,519
441,519
519,521
443,521
521,523
445,523
523,525
447,525
525,527
449,527
527,529
451,529
529,531
453,531
531,533
455,533
533,537
536,537
459,537
458,536
540,541
541,543
462,540
463,541
465,543
543,545
467,545
545,547
469,547
547,549
471,549
549,551
473,551
551,553
475,553
553,555
477,555
555,557
479,557
557,559
481,559
559,561
483,561
561,563
485,563
563,565
487,565
565,567
489,567
567,569
491,569
569,571
493,571
571,573
495,573
573,575
497,575
575,577
499,577
577,579
501,579
579,581
503,581
581,583
505,583
583,585
507,585
585,587
509,587
587,589
511,589
589,591
513,591
591,593
515,593
593,595
517,595
595,597
519,597
597,599
521,599
599,601
523,601
601,603
525,603
603,605
527,605
605,607
529,607
607,609
531,609
609,611
533,611
611,615
614,615
537,615
536,614
618,619
619,621
540,618
541,619
543,621
621,623
545,623
623,625
547,625
625,627
549,627
627,629
551,629
629,631
553,631
631,633
555,633
633,635
557,635
635,637
559,637
637,639
561,639
639,641
563,641
641,643
565,643
643,645
567,645
645,647
569,647
647,649
571,649
649,651
573,651
651,653
575,653
653,655
577,655
655,657
579,657
657,659
581,659
659,661
583,661
661,663
585,663
663,665
587,665
665,667
589,667
667,669
591,669
669,671
593,671
671,673
595,673
673,675
597,675
675,677
599,677
677,679
601,679
679,681
603,681
681,683
605,683
683,685
607,685
685,687
609,687
687,689
611,689
689,693
692,693
615,693
614,692
696,697
697,699
618,696
619,697
621,699
699,701
623,701
701,703
625,703
703,705
627,705
705,707
629,707
707,709
631,709
709,711
633,711
711,713
635,713
713,715
637,715
715,717
639,717
717,719
641,719
719,721
643,721
721,723
645,723
723,725
647,725
725,727
649,727
727,729
651,729
729,731
653,731
731,733
655,733
733,735
657,735
735,737
659,737
737,739
661,739
739,741
663,741
741,743
665,743
743,745
667,745
745,747
669,747
747,749
671,749
749,751
673,751
751,753
675,753
753,755
677,755
755,757
679,757
757,759
681,759
759,761
683,761
761,763
685,763
763,765
687,765
765,767
689,767
767,771
770,771
693,771
692,770
774,775
775,777
696,774
697,775
699,777
777,779
701,779
779,781
703,781
781,783
705,783
783,785
707,785
785,787
709,787
787,789
711,789
789,791
713,791
791,793
715,793
793,795
717,795
795,797
719,797
797,799
721,799
799,801
723,801
801,803
725,803
803,805
727,805
805,807
729,807
807,809
731,809
809,811
733,811
811,813
735,813
813,815
737,815
815,817
739,817
817,819
741,819
819,821
743,821
821,823
745,823
823,825
747,825
825,827
749,827
827,829
751,829
829,831
753,831
831,833
755,833
833,835
757,835
835,837
759,837
837,839
761,839
839,841
763,841
841,843
765,843
843,845
767,845
845,849
848,849
771,849
770,848
852,853
853,855
774,852
775,853
777,855
855,857
779,857
857,859
781,859
859,861
783,861
861,863
785,863
863,865
787,865
865,867
789,867
867,869
791,869
869,871
793,871
871,873
795,873
873,875
797,875
875,877
799,877
877,879
801,879
879,881
803,881
881,883
805,883
883,885
807,885
885,887
809,887
887,889
811,889
889,891
813,891
891,893
815,893
893,895
817,895
895,897
819,897
897,899
821,899
899,901
823,901
901,903
825,903
903,905
827,905
905,907
829,907
907,909
831,909
909,911
833,911
911,913
835,913
913,915
837,915
915,917
839,917
917,919
841,919
919,921
843,921
921,923
845,923
923,927
926,927
849,927
848,926
930,931
931,933
852,930
853,931
855,933
933,935
857,935
935,937
859,937
937,939
861,939
939,941
863,941
941,943
865,943
943,945
867,945
945,947
869,947
947,949
871,949
949,951
873,951
951,953
875,953
953,955
877,955
955,957
879,957
957,959
881,959
959,961
883,961
961,963
885,963
963,965
887,965
965,967
889,967
967,969
891,969
969,971
893,971
971,973
895,973
973,975
897,975
975,977
899,977
977,979
901,979
979,981
903,981
981,983
905,983
983,985
907,985
985,987
909,987
987,989
911,989
989,991
913,991
991,993
915,993
993,995
917,995
995,997
919,997
997,999
921,999
999,1001
923,1001
1001,1005
1004,1005
927,1005
926,1004
1008,1009
1009,1011
930,1008
931,1009
933,1011
1011,1013
935,1013
1013,1015
937,1015
1015,1017
939,1017
1017,1019
941,1019
1019,1021
943,1021
1021,1023
945,1023
1023,1025
947,1025
1025,1027
949,1027
1027,1029
951,1029
1029,1031
953,1031
1031,1033
955,1033
1033,1035
957,1035
1035,1037
959,1037
1037,1039
961,1039
1039,1041
963,1041
1041,1043
965,1043
1043,1045
967,1045
1045,1047
969,1047
1047,1049
971,1049
1049,1051
973,1051
1051,1053
975,1053
1053,1055
977,1055
1055,1057
979,1057
1057,1059
981,1059
1059,1061
983,1061
1061,1063
985,1063
1063,1065
987,1065
1065,1067
989,1067
1067,1069
991,1069
1069,1071
993,1071
1071,1073
995,1073
1073,1075
997,1075
1075,1077
999,1077
1077,1079
1001,1079
1079,1083
1082,1083
1005,1083
1004,1082
1086,1087
1087,1089
1008,1086
1009,1087
1011,1089
1089,1091
1013,1091
1091,1093
1015,1093
1093,1095
1017,1095
1095,1097
1019,1097
1097,1099
1021,1099
1099,1101
1023,1101
1101,1103
1025,1103
1103,1105
1027,1105
1105,1107
1029,1107
1107,1109
1031,1109
1109,1111
1033,1111
1111,1113
1035,1113
1113,1115
1037,1115
1115,1117
1039,1117
1117,1119
1041,1119
1119,1121
1043,1121
1121,1123
1045,1123
1123,1125
1047,1125
1125,1127
1049,1127
1127,1129
1051,1129
1129,1131
1053,1131
1131,1133
1055,1133
1133,1135
1057,1135
1135,1137
1059,1137
1137,1139
1061,1139
1139,1141
1063,1141
1141,1143
1065,1143
1143,1145
1067,1145
1145,1147
1069,1147
1147,1149
1071,1149
1149,1151
1073,1151
1151,1153
1075,1153
1153,1155
1077,1155
1155,1157
1079,1157
1157,1161
1160,1161
1083,1161
1082,1160
1164,1165
1165,1167
1086,1164
1087,1165
1089,1167
1167,1169
1091,1169
1169,1171
1093,1171
1171,1173
1095,1173
1173,1175
1097,1175
1175,1177
1099,1177
1177,1179
1101,1179
1179,1181
1103,1181
1181,1183
1105,1183
1183,1185
1107,1185
1185,1187
1109,1187
1187,1189
1111,1189
1189,1191
1113,1191
1191,1193
1115,1193
1193,1195
1117,1195
1195,1197
1119,1197
1197,1199
1121,1199
1199,1201
1123,1201
1201,1203
1125,1203
1203,1205
1127,1205
1205,1207
1129,1207
1207,1209
1131,1209
1209,1211
1133,1211
1211,1213
1135,1213
1213,1215
1137,1215
1215,1217
1139,1217
1217,1219
1141,1219
1219,1221
1143,1221
1221,1223
1145,1223
1223,1225
1147,1225
1225,1227
1149,1227
1227,1229
1151,1229
1229,1231
1153,1231
1231,1233
1155,1233
1233,1235
1157,1235
1235,1239
1238,1239
1161,1239
1160,1238
1242,1243
1243,1245
1164,1242
1165,1243
1167,1245
1245,1247
1169,1247
1247,1249
1171,1249
1249,1251
1173,1251
1251,1253
1175,1253
1253,1255
1177,1255
1255,1257
1179,1257
1257,1259
1181,1259
1259,1261
1183,1261
1261,1263
1185,1263
1263,1265
1187,1265
1265,1267
1189,1267
1267,1269
1191,1269
1269,1271
1193,1271
1271,1273
1195,1273
1273,1275
1197,1275
1275,1277
1199,1277
1277,1279
1201,1279
1279,1281
1203,1281
1281,1283
1205,1283
1283,1285
1207,1285
1285,1287
1209,1287
1287,1289
1211,1289
1289,1291
1213,1291
1291,1293
1215,1293
1293,1295
1217,1295
1295,1297
1219,1297
1297,1299
1221,1299
1299,1301
1223,1301
1301,1303
1225,1303
1303,1305
1227,1305
1305,1307
1229,1307
1307,1309
1231,1309
1309,1311
1233,1311
1311,1313
1235,1313
1313,1317
1316,1317
1239,1317
1238,1316
1320,1321
1321,1323
1242,1320
1243,1321
1245,1323
1323,1325
1247,1325
1325,1327
1249,1327
1327,1329
1251,1329
1329,1331
1253,1331
1331,1333
1255,1333
1333,1335
1257,1335
1335,1337
1259,1337
1337,1339
1261,1339
1339,1341
1263,1341
1341,1343
1265,1343
1343,1345
1267,1345
1345,1347
1269,1347
1347,1349
1271,1349
1349,1351
1273,1351
1351,1353
1275,1353
1353,1355
1277,1355
1355,1357
1279,1357
1357,1359
1281,1359
1359,1361
1283,1361
1361,1363
1285,1363
1363,1365
1287,1365
1365,1367
1289,1367
1367,1369
1291,1369
1369,1371
1293,1371
1371,1373
1295,1373
1373,1375
1297,1375
1375,1377
1299,1377
1377,1379
1301,1379
1379,1381
1303,1381
1381,1383
1305,1383
1383,1385
1307,1385
1385,1387
1309,1387
1387,1389
1311,1389
1389,1391
1313,1391
1391,1395
1394,1395
1317,1395
1316,1394
1398,1399
1399,1401
1320,1398
1321,1399
1323,1401
1401,1403
1325,1403
1403,1405
1327,1405
1405,1407
1329,1407
1407,1409
1331,1409
1409,1411
1333,1411
1411,1413
1335,1413
1413,1415
1337,1415
1415,1417
1339,1417
1417,1419
1341,1419
1419,1421
1343,1421
1421,1423
1345,1423
1423,1425
1347,1425
1425,1427
1349,1427
1427,1429
1351,1429
1429,1431
1353,1431
1431,1433
1355,1433
1433,1435
1357,1435
1435,1437
1359,1437
1437,1439
1361,1439
1439,1441
1363,1441
1441,1443
1365,1443
1443,1445
1367,1445
1445,1447
1369,1447
1447,1449
1371,1449
1449,1451
1373,1451
1451,1453
1375,1453
1453,1455
1377,1455
1455,1457
1379,1457
1457,1459
1381,1459
1459,1461
1383,1461
1461,1463
1385,1463
1463,1465
1387,1465
1465,1467
1389,1467
1467,1469
1391,1469
1469,1473
1472,1473
1395,1473
1394,1472
1476,1477
1477,1479
1398,1476
1399,1477
1401,1479
1479,1481
1403,1481
1481,1483
1405,1483
1483,1485
1407,1485
1485,1487
1409,1487
1487,1489
1411,1489
1489,1491
1413,1491
1491,1493
1415,1493
1493,1495
1417,1495
1495,1497
1419,1497
1497,1499
1421,1499
1499,1501
1423,1501
1501,1503
1425,1503
1503,1505
1427,1505
1505,1507
1429,1507
1507,1509
1431,1509
1509,1511
1433,1511
1511,1513
1435,1513
1513,1515
1437,1515
1515,1517
1439,1517
1517,1519
1441,1519
1519,1521
1443,1521
1521,1523
1445,1523
1523,1525
1447,1525
1525,1527
1449,1527
1527,1529
1451,1529
1529,1531
1453,1531
1531,1533
1455,1533
1533,1535
1457,1535
1535,1537
1459,1537
1537,1539
1461,1539
1539,1541
1463,1541
1541,1543
1465,1543
1543,1545
1467,1545
1545,1547
1469,1547
1547,1551
1550,1551
1473,1551
1472,1550
1554,1555
1555,1557
1476,1554
1477,1555
1479,1557
1557,1559
1481,1559
1559,1561
1483,1561
1561,1563
1485,1563
1563,1565
1487,1565
1565,1567
1489,1567
1567,1569
1491,1569
1569,1571
1493,1571
1571,1573
1495,1573
1573,1575
1497,1575
1575,1577
1499,1577
1577,1579
1501,1579
1579,1581
1503,1581
1581,1583
1505,1583
1583,1585
1507,1585
1585,1587
1509,1587
1587,1589
1511,1589
1589,1591
1513,1591
1591,1593
1515,1593
1593,1595
1517,1595
1595,1597
1519,1597
1597,1599
1521,1599
1599,1601
1523,1601
1601,1603
1525,1603
1603,1605
1527,1605
1605,1607
1529,1607
1607,1609
1531,1609
1609,1611
1533,1611
1611,1613
1535,1613
1613,1615
1537,1615
1615,1617
1539,1617
1617,1619
1541,1619
1619,1621
1543,1621
1621,1623
1545,1623
1623,1625
1547,1625
1625,1629
1628,1629
1551,1629
1550,1628
1632,1633
1633,1635
1554,1632
1555,1633
1557,1635
1635,1637
1559,1637
1637,1639
1561,1639
1639,1641
1563,1641
1641,1643
1565,1643
1643,1645
1567,1645
1645,1647
1569,1647
1647,1649
1571,1649
1649,1651
1573,1651
1651,1653
1575,1653
1653,1655
1577,1655
1655,1657
1579,1657
1657,1659
1581,1659
1659,1661
1583,1661
1661,1663
1585,1663
1663,1665
1587,1665
1665,1667
1589,1667
1667,1669
1591,1669
1669,1671
1593,1671
1671,1673
1595,1673
1673,1675
1597,1675
1675,1677
1599,1677
1677,1679
1601,1679
1679,1681
1603,1681
1681,1683
1605,1683
1683,1685
1607,1685
1685,1687
1609,1687
1687,1689
1611,1689
1689,1691
1613,1691
1691,1693
1615,1693
1693,1695
1617,1695
1695,1697
1619,1697
1697,1699
1621,1699
1699,1701
1623,1701
1701,1703
1625,1703
1703,1707
1706,1707
1629,1707
1628,1706
1710,1711
1711,1713
1632,1710
1633,1711
1635,1713
1713,1715
1637,1715
1715,1717
1639,1717
1717,1719
1641,1719
1719,1721
1643,1721
1721,1723
1645,1723
1723,1725
1647,1725
1725,1727
1649,1727
1727,1729
1651,1729
1729,1731
1653,1731
1731,1733
1655,1733
1733,1735
1657,1735
1735,1737
1659,1737
1737,1739
1661,1739
1739,1741
1663,1741
1741,1743
1665,1743
1743,1745
1667,1745
1745,1747
1669,1747
1747,1749
1671,1749
1749,1751
1673,1751
1751,1753
1675,1753
1753,1755
1677,1755
1755,1757
1679,1757
1757,1759
1681,1759
1759,1761
1683,1761
1761,1763
1685,1763
1763,1765
1687,1765
1765,1767
1689,1767
1767,1769
1691,1769
1769,1771
1693,1771
1771,1773
1695,1773
1773,1775
1697,1775
1775,1777
1699,1777
1777,1779
1701,1779
1779,1781
1703,1781
1781,1785
1784,1785
1707,1785
1706,1784
1788,1789
1789,1791
1710,1788
1711,1789
1713,1791
1791,1793
1715,1793
1793,1795
1717,1795
1795,1797
1719,1797
1797,1799
1721,1799
1799,1801
1723,1801
1801,1803
1725,1803
1803,1805
1727,1805
1805,1807
1729,1807
1807,1809
1731,1809
1809,1811
1733,1811
1811,1813
1735,1813
1813,1815
1737,1815
1815,1817
1739,1817
1817,1819
1741,1819
1819,1821
1743,1821
1821,1823
1745,1823
1823,1825
1747,1825
1825,1827
1749,1827
1827,1829
1751,1829
1829,1831
1753,1831
1831,1833
1755,1833
1833,1835
1757,1835
1835,1837
1759,1837
1837,1839
1761,1839
1839,1841
1763,1841
1841,1843
1765,1843
1843,1845
1767,1845
1845,1847
1769,1847
1847,1849
1771,1849
1849,1851
1773,1851
1851,1853
1775,1853
1853,1855
1777,1855
1855,1857
1779,1857
1857,1859
1781,1859
1859,1863
1862,1863
1785,1863
1784,1862
1866,1867
1867,1869
1788,1866
1789,1867
1791,1869
1869,1871
1793,1871
1871,1873
1795,1873
1873,1875
1797,1875
1875,1877
1799,1877
1877,1879
1801,1879
1879,1881
1803,1881
1881,1883
1805,1883
1883,1885
1807,1885
1885,1887
1809,1887
1887,1889
1811,1889
1889,1891
1813,1891
1891,1893
1815,1893
1893,1895
1817,1895
1895,1897
1819,1897
1897,1899
1821,1899
1899,1901
1823,1901
1901,1903
1825,1903
1903,1905
1827,1905
1905,1907
1829,1907
1907,1909
1831,1909
1909,1911
1833,1911
1911,1913
1835,1913
1913,1915
1837,1915
1915,1917
1839,1917
1917,1919
1841,1919
1919,1921
1843,1921
1921,1923
1845,1923
1923,1925
1847,1925
1925,1927
1849,1927
1927,1929
1851,1929
1929,1931
1853,1931
1931,1933
1855,1933
1933,1935
1857,1935
1935,1937
1859,1937
1937,1941
1940,1941
1863,1941
1862,1940
1944,1945
1945,1947
1866,1944
1867,1945
1869,1947
1947,1949
1871,1949
1949,1951
1873,1951
1951,1953
1875,1953
1953,1955
1877,1955
1955,1957
1879,1957
1957,1959
1881,1959
1959,1961
1883,1961
1961,1963
1885,1963
1963,1965
1887,1965
1965,1967
1889,1967
1967,1969
1891,1969
1969,1971
1893,1971
1971,1973
1895,1973
1973,1975
1897,1975
1975,1977
1899,1977
1977,1979
1901,1979
1979,1981
1903,1981
1981,1983
1905,1983
1983,1985
1907,1985
1985,1987
1909,1987
1987,1989
1911,1989
1989,1991
1913,1991
1991,1993
1915,1993
1993,1995
1917,1995
1995,1997
1919,1997
1997,1999
1921,1999
1999,2001
1923,2001
2001,2003
1925,2003
2003,2005
1927,2005
2005,2007
1929,2007
2007,2009
1931,2009
2009,2011
1933,2011
2011,2013
1935,2013
2013,2015
1937,2015
2015,2019
2018,2019
1941,2019
1940,2018
2022,2023
2023,2025
1944,2022
1945,2023
1947,2025
2025,2027
1949,2027
2027,2029
1951,2029
2029,2031
1953,2031
2031,2033
1955,2033
2033,2035
1957,2035
2035,2037
1959,2037
2037,2039
1961,2039
2039,2041
1963,2041
2041,2043
1965,2043
2043,2045
1967,2045
2045,2047
1969,2047
2047,2049
1971,2049
2049,2051
1973,2051
2051,2053
1975,2053
2053,2055
1977,2055
2055,2057
1979,2057
2057,2059
1981,2059
2059,2061
1983,2061
2061,2063
1985,2063
2063,2065
1987,2065
2065,2067
1989,2067
2067,2069
1991,2069
2069,2071
1993,2071
2071,2073
1995,2073
2073,2075
1997,2075
2075,2077
1999,2077
2077,2079
2001,2079
2079,2081
2003,2081
2081,2083
2005,2083
2083,2085
2007,2085
2085,2087
2009,2087
2087,2089
2011,2089
2089,2091
2013,2091
2091,2093
2015,2093
2093,2097
2096,2097
2019,2097
2018,2096
2100,2101
2101,2103
2022,2100
2023,2101
2025,2103
2103,2105
2027,2105
2105,2107
2029,2107
2107,2109
2031,2109
2109,2111
2033,2111
2111,2113
2035,2113
2113,2115
2037,2115
2115,2117
2039,2117
2117,2119
2041,2119
2119,2121
2043,2121
2121,2123
2045,2123
2123,2125
2047,2125
2125,2127
2049,2127
2127,2129
2051,2129
2129,2131
2053,2131
2131,2133
2055,2133
2133,2135
2057,2135
2135,2137
2059,2137
2137,2139
2061,2139
2139,2141
2063,2141
2141,2143
2065,2143
2143,2145
2067,2145
2145,2147
2069,2147
2147,2149
2071,2149
2149,2151
2073,2151
2151,2153
2075,2153
2153,2155
2077,2155
2155,2157
2079,2157
2157,2159
2081,2159
2159,2161
2083,2161
2161,2163
2085,2163
2163,2165
2087,2165
2165,2167
2089,2167
2167,2169
2091,2169
2169,2171
2093,2171
2171,2175
2174,2175
2097,2175
2096,2174
2178,2179
2179,2181
2100,2178
2101,2179
2103,2181
2181,2183
2105,2183
2183,2185
2107,2185
2185,2187
2109,2187
2187,2189
2111,2189
2189,2191
2113,2191
2191,2193
2115,2193
2193,2195
2117,2195
2195,2197
2119,2197
2197,2199
2121,2199
2199,2201
2123,2201
2201,2203
2125,2203
2203,2205
2127,2205
2205,2207
2129,2207
2207,2209
2131,2209
2209,2211
2133,2211
2211,2213
2135,2213
2213,2215
2137,2215
2215,2217
2139,2217
2217,2219
2141,2219
2219,2221
2143,2221
2221,2223
2145,2223
2223,2225
2147,2225
2225,2227
2149,2227
2227,2229
2151,2229
2229,2231
2153,2231
2231,2233
2155,2233
2233,2235
2157,2235
2235,2237
2159,2237
2237,2239
2161,2239
2239,2241
2163,2241
2241,2243
2165,2243
2243,2245
2167,2245
2245,2247
2169,2247
2247,2249
2171,2249
2249,2253
2252,2253
2175,2253
2174,2252
2256,2257
2257,2259
2178,2256
2179,2257
2181,2259
2259,2261
2183,2261
2261,2263
2185,2263
2263,2265
2187,2265
2265,2267
2189,2267
2267,2269
2191,2269
2269,2271
2193,2271
2271,2273
2195,2273
2273,2275
2197,2275
2275,2277
2199,2277
2277,2279
2201,2279
2279,2281
2203,2281
2281,2283
2205,2283
2283,2285
2207,2285
2285,2287
2209,2287
2287,2289
2211,2289
2289,2291
2213,2291
2291,2293
2215,2293
2293,2295
2217,2295
2295,2297
2219,2297
2297,2299
2221,2299
2299,2301
2223,2301
2301,2303
2225,2303
2303,2305
2227,2305
2305,2307
2229,2307
2307,2309
2231,2309
2309,2311
2233,2311
2311,2313
2235,2313
2313,2315
2237,2315
2315,2317
2239,2317
2317,2319
2241,2319
2319,2321
2243,2321
2321,2323
2245,2323
2323,2325
2247,2325
2325,2327
2249,2327
2327,2331
2330,2331
2253,2331
2252,2330
2334,2335
2335,2337
2256,2334
2257,2335
2259,2337
2337,2339
2261,2339
2339,2341
2263,2341
2341,2343
2265,2343
2343,2345
2267,2345
2345,2347
2269,2347
2347,2349
2271,2349
2349,2351
2273,2351
2351,2353
2275,2353
2353,2355
2277,2355
2355,2357
2279,2357
2357,2359
2281,2359
2359,2361
2283,2361
2361,2363
2285,2363
2363,2365
2287,2365
2365,2367
2289,2367
2367,2369
2291,2369
2369,2371
2293,2371
2371,2373
2295,2373
2373,2375
2297,2375
2375,2377
2299,2377
2377,2379
2301,2379
2379,2381
2303,2381
2381,2383
2305,2383
2383,2385
2307,2385
2385,2387
2309,2387
2387,2389
2311,2389
2389,2391
2313,2391
2391,2393
2315,2393
2393,2395
2317,2395
2395,2397
2319,2397
2397,2399
2321,2399
2399,2401
2323,2401
2401,2403
2325,2403
2403,2405
2327,2405
2405,2409
2408,2409
2331,2409
2330,2408
2412,2413
2413,2415
2334,2412
2335,2413
2337,2415
2415,2417
2339,2417
2417,2419
2341,2419
2419,2421
2343,2421
2421,2423
2345,2423
2423,2425
2347,2425
2425,2427
2349,2427
2427,2429
2351,2429
2429,2431
2353,2431
2431,2433
2355,2433
2433,2435
2357,2435
2435,2437
2359,2437
2437,2439
2361,2439
2439,2441
2363,2441
2441,2443
2365,2443
2443,2445
2367,2445
2445,2447
2369,2447
2447,2449
2371,2449
2449,2451
2373,2451
2451,2453
2375,2453
2453,2455
2377,2455
2455,2457
2379,2457
2457,2459
2381,2459
2459,2461
2383,2461
2461,2463
2385,2463
2463,2465
2387,2465
2465,2467
2389,2467
2467,2469
2391,2469
2469,2471
2393,2471
2471,2473
2395,2473
2473,2475
2397,2475
2475,2477
2399,2477
2477,2479
2401,2479
2479,2481
2403,2481
2481,2483
2405,2483
2483,2487
2486,2487
2409,2487
2408,2486
2490,2491
2491,2493
2412,2490
2413,2491
2415,2493
2493,2495
2417,2495
2495,2497
2419,2497
2497,2499
2421,2499
2499,2501
2423,2501
2501,2503
2425,2503
2503,2505
2427,2505
2505,2507
2429,2507
2507,2509
2431,2509
2509,2511
2433,2511
2511,2513
2435,2513
2513,2515
2437,2515
2515,2517
2439,2517
2517,2519
2441,2519
2519,2521
2443,2521
2521,2523
2445,2523
2523,2525
2447,2525
2525,2527
2449,2527
2527,2529
2451,2529
2529,2531
2453,2531
2531,2533
2455,2533
2533,2535
2457,2535
2535,2537
2459,2537
2537,2539
2461,2539
2539,2541
2463,2541
2541,2543
2465,2543
2543,2545
2467,2545
2545,2547
2469,2547
2547,2549
2471,2549
2549,2551
2473,2551
2551,2553
2475,2553
2553,2555
2477,2555
2555,2557
2479,2557
2557,2559
2481,2559
2559,2561
2483,2561
2561,2565
2564,2565
2487,2565
2486,2564
2568,2569
2569,2571
2490,2568
2491,2569
2493,2571
2571,2573
2495,2573
2573,2575
2497,2575
2575,2577
2499,2577
2577,2579
2501,2579
2579,2581
2503,2581
2581,2583
2505,2583
2583,2585
2507,2585
2585,2587
2509,2587
2587,2589
2511,2589
2589,2591
2513,2591
2591,2593
2515,2593
2593,2595
2517,2595
2595,2597
2519,2597
2597,2599
2521,2599
2599,2601
2523,2601
2601,2603
2525,2603
2603,2605
2527,2605
2605,2607
2529,2607
2607,2609
2531,2609
2609,2611
2533,2611
2611,2613
2535,2613
2613,2615
2537,2615
2615,2617
2539,2617
2617,2619
2541,2619
2619,2621
2543,2621
2621,2623
2545,2623
2623,2625
2547,2625
2625,2627
2549,2627
2627,2629
2551,2629
2629,2631
2553,2631
2631,2633
2555,2633
2633,2635
2557,2635
2635,2637
2559,2637
2637,2639
2561,2639
2639,2643
2642,2643
2565,2643
2564,2642
2646,2647
2647,2649
2568,2646
2569,2647
2571,2649
2649,2651
2573,2651
2651,2653
2575,2653
2653,2655
2577,2655
2655,2657
2579,2657
2657,2659
2581,2659
2659,2661
2583,2661
2661,2663
2585,2663
2663,2665
2587,2665
2665,2667
2589,2667
2667,2669
2591,2669
2669,2671
2593,2671
2671,2673
2595,2673
2673,2675
2597,2675
2675,2677
2599,2677
2677,2679
2601,2679
2679,2681
2603,2681
2681,2683
2605,2683
2683,2685
2607,2685
2685,2687
2609,2687
2687,2689
2611,2689
2689,2691
2613,2691
2691,2693
2615,2693
2693,2695
2617,2695
2695,2697
2619,2697
2697,2699
2621,2699
2699,2701
2623,2701
2701,2703
2625,2703
2703,2705
2627,2705
2705,2707
2629,2707
2707,2709
2631,2709
2709,2711
2633,2711
2711,2713
2635,2713
2713,2715
2637,2715
2715,2717
2639,2717
2717,2721
2720,2721
2643,2721
2642,2720
2724,2725
2725,2727
2646,2724
2647,2725
2649,2727
2727,2729
2651,2729
2729,2731
2653,2731
2731,2733
2655,2733
2733,2735
2657,2735
2735,2737
2659,2737
2737,2739
2661,2739
2739,2741
2663,2741
2741,2743
2665,2743
2743,2745
2667,2745
2745,2747
2669,2747
2747,2749
2671,2749
2749,2751
2673,2751
2751,2753
2675,2753
2753,2755
2677,2755
2755,2757
2679,2757
2757,2759
2681,2759
2759,2761
2683,2761
2761,2763
2685,2763
2763,2765
2687,2765
2765,2767
2689,2767
2767,2769
2691,2769
2769,2771
2693,2771
2771,2773
2695,2773
2773,2775
2697,2775
2775,2777
2699,2777
2777,2779
2701,2779
2779,2781
2703,2781
2781,2783
2705,2783
2783,2785
2707,2785
2785,2787
2709,2787
2787,2789
2711,2789
2789,2791
2713,2791
2791,2793
2715,2793
2793,2795
2717,2795
2795,2799
2798,2799
2721,2799
2720,2798
2724,2802
2725,2803
2727,2805
2729,2807
2731,2809
2733,2811
2735,2813
2737,2815
2739,2817
2741,2819
2743,2821
2745,2823
2747,2825
2749,2827
2751,2829
2753,2831
2755,2833
2757,2835
2759,2837
2761,2839
2763,2841
2765,2843
2767,2845
2769,2847
2771,2849
2773,2851
2775,2853
2777,2855
2779,2857
2781,2859
2783,2861
2785,2863
2787,2865
2789,2867
2791,2869
2793,2871
2795,2873
2799,2877
2798,2876
227,228
305,306
383,384
461,462
539,540
617,618
695,696
773,774
851,852
929,930
1007,1008
1085,1086
1163,1164
1241,1242
1319,1320
1397,1398
1475,1476
1553,1554
1631,1632
1709,1710
1787,1788
1865,1866
1943,1944
2021,2022
2099,2100
2177,2178
2255,2256
2333,2334
2411,2412
2489,2490
2567,2568
2645,2646
2723,2724
301,302
379,380
457,458
535,536
613,614
691,692
769,770
847,848
925,926
1003,1004
1081,1082
1159,1160
1237,1238
1315,1316
1393,1394
1471,1472
1549,1550
1627,1628
1705,1706
1783,1784
1861,1862
1939,1940
2017,2018
2095,2096
2173,2174
2251,2252
2329,2330
2407,2408
2485,2486
2563,2564
2641,2642
2719,2720
2797,2798
